0 1861
1 1862
2 1822
3 4741
4 4741
5 5365
6 4741
7 4866
8 5365
9 4851
10 5010
11 4794
12 4794
13 4117
14 2819
15 1405
16 627
17 627
18 626
19 788
20 1679
21 1310
22 1680
23 1314
24 1710
25 1377
26 1392
27 1391
28 1390
29 1389
30 1389
31 1389
32 1258
33 1258
34 6470
35 6469
36 5335
37 222
38 3663
39 3797
40 3050
41 284
42 153
43 298
44 299
45 224
46 300
47 301
48 305
49 3814
50 3723
51 3718
52 4917
53 4978
54 636
55 1829
56 1832
57 1860
58 1400
59 1407
60 1406
61 789
62 789
63 1904
64 1904
65 1874
66 1875
67 1883
68 1882
69 1542
70 1444
71 1445
72 1506
73 1505
74 2821
75 2821
76 2822
77 1311
78 1379
79 1541
80 1541
81 1311
82 1379
83 1378
84 1393
85 1389
86 1259
87 1259
88 793
89 627
90 1409
91 1383
92 4116
93 4870
94 4278
95 4117
96 4114
97 4115
98 4115
99 4868
100 4869
101 4717
102 4863
103 4744
104 4862
105 4860
106 4714
107 4861
108 4861
109 4852
110 4795
111 5185
112 5145
113 5218
114 5218
115 5218
116 5189
117 5100
118 5142
119 5143
120 1259
121 4886
122 4862
123 4862
124 4866
125 4852
126 4795
127 4276
128 4114
129 5145
130 5144
131 5144
132 5107
133 5104
134 5146
135 5217
136 5148
137 5149
138 5178
139 5188
140 4862
141 5365
142 1390
143 1390
144 1889
145 2898
146 1904
147 1393
148 4861
149 4862
150 5188
151 5186
152 5187
153 5187
154 5129
155 5129
156 5112
157 5112
158 5094
159 5094
160 5074
161 5073
162 5190
163 5155
164 5159
165 5159
166 5052
167 5435
168 5052
169 5435
170 5435
171 5434
172 5435
173 5433
174 5436
175 5433
176 5425
177 5416
178 5056
179 5415
180 5134
181 5121
182 5212
183 5164
184 5376
185 5376
186 5050
187 5161
188 5160
189 5160
190 5028
191 5028
192 5025
193 5409
194 5412
195 5413
196 5412
197 5413
198 5056
199 5055
200 5411
201 5411
202 5134
203 5213
204 5134
205 5116
206 5117
207 5201
208 5213
209 5033
210 5034
211 5097
212 5175
213 5113
214 5205
215 5093
216 5093
217 5081
218 5077
219 5377
220 5377
221 5044
222 5050
223 5050
224 5049
225 5064
226 5078
227 6334
228 5094
229 5047
230 5047
231 5047
232 5022
233 5195
234 5191
235 5191
236 5190
237 5053
238 5024
239 5057
240 5027
241 5027
242 5028
243 5025
244 5025
245 5026
246 4886
247 4716
248 4715
249 5189
250 5214
251 5113
252 5378
253 5079
254 5030
255 5054
256 5051
257 5052
258 5053
259 5052
260 5435
261 629
262 1395
263 1388
264 1388
265 1233
266 1386
267 1737
268 5187
269 5184
270 5150
271 5111
272 5125
273 5208
274 5165
275 5173
276 5112
277 5168
278 5207
279 5085
280 5375
281 5046
282 5372
283 5095
284 5066
285 5038
286 5072
287 5073
288 5155
289 5154
290 5069
291 5019
292 5020
293 5060
294 5156
295 5156
296 5158
297 5437
298 5059
299 5409
300 5434
301 5398
302 5401
303 5401
304 5421
305 6335
306 6335
307 5385
308 5387
309 5410
310 5417
311 5395
312 5399
313 5399
314 5399
315 5608
316 5608
317 5440
318 5440
319 5424
320 5383
321 5384
322 5573
323 5384
324 5386
325 5388
326 5703
327 5747
328 5609
329 5608
330 5605
331 5605
332 5718
333 5656
334 5645
335 5688
336 5485
337 5713
338 5713
339 5448
340 5446
341 5726
342 5701
343 5605
344 5605
345 6071
346 6081
347 6089
348 5636
349 5461
350 5453
351 6193
352 6182
353 6180
354 6217
355 5506
356 5603
357 5519
358 6068
359 6065
360 1677
361 1676
362 1708
363 1637
364 1735
365 1631
366 1669
367 1718
368 1718
369 1719
370 1719
371 1719
372 1714
373 1712
374 1681
375 1622
376 1740
377 1656
378 1652
379 1654
380 1663
381 1613
382 1695
383 1614
384 1915
385 1915
386 1691
387 1691
388 1692
389 1557
390 1557
391 1551
392 1556
393 1693
394 1951
395 2874
396 2874
397 2874
398 2874
399 1923
400 2874
401 1923
402 1950
403 1925
404 1720
405 1706
406 1705
407 1706
408 1703
409 1658
410 1643
411 1643
412 1625
413 1624
414 1605
415 1605
416 1721
417 1688
418 1689
419 1689
420 1974
421 1978
422 1975
423 1975
424 1936
425 1936
426 1933
427 1933
428 1649
429 1751
430 1648
431 1684
432 1703
433 1747
434 1731
435 3013
436 1643
437 1644
438 1627
439 1723
440 1566
441 1665
442 1665
443 1650
444 1573
445 1574
446 1608
447 1607
448 1611
449 1917
450 1625
451 1722
452 1722
453 1612
454 1728
455 1575
456 1572
457 1572
458 1742
459 1742
460 1579
461 1579
462 1579
463 1555
464 1560
465 1563
466 1721
467 1692
468 1578
469 1558
470 1554
471 1727
472 1584
473 1689
474 1557
475 1557
476 1556
477 1559
478 1954
479 1973
480 1974
481 1556
482 1951
483 1951
484 1950
485 1932
486 1958
487 1974
488 1616
489 1738
490 1700
491 1660
492 1657
493 1615
494 1752
495 1701
496 1623
497 1624
498 1911
499 1576
500 1577
501 1568
502 1601
503 1600
504 1605
505 1688
506 1685
507 1602
508 1546
509 1551
510 1591
511 1686
512 1687
513 1693
514 1741
515 1980
516 1978
517 1946
518 1971
519 1977
520 1942
521 2874
522 1921
523 1940
524 1941
525 1938
526 1935
527 2243
528 1924
529 1924
530 1924
531 1924
532 1923
533 1923
534 1919
535 1969
536 2108
537 2060
538 2087
539 2087
540 2015
541 2023
542 2022
543 2024
544 2022
545 2023
546 2112
547 1922
548 2213
549 2176
550 2063
551 2697
552 2770
553 2049
554 2267
555 2711
556 2723
557 2723
558 2710
559 2250
560 2224
561 2400
562 2495
563 2636
564 2677
565 2503
566 2387
567 2187
568 2765
569 2766
570 2746
571 2753
572 2760
573 2124
574 1861
575 1881
576 4741
577 5365
578 5365
579 4741
580 4866
581 4862
582 5365
583 4851
584 4866
585 5010
586 4794
587 4850
588 4850
589 4277
590 4791
591 4791
592 2819
593 1408
594 627
595 2819
596 2819
597 626
598 626
599 627
600 1310
601 1716
602 788
603 1310
604 1376
605 1679
606 1314
607 1377
608 1682
609 1376
610 1392
611 1391
612 1391
613 1390
614 1390
615 1392
616 1389
617 1390
618 1389
619 1258
620 1389
621 1904
622 1260
623 1428
624 5342
625 6469
626 5322
627 5336
628 5293
629 5335
630 4124
631 3662
632 3796
633 334
634 150
635 153
636 298
637 299
638 223
639 300
640 305
641 302
642 3813
643 3810
644 3719
645 213
646 209
647 298
648 151
649 3723
650 3768
651 257
652 298
653 3718
654 423
655 4978
656 4918
657 4916
658 4917
659 5365
660 5011
661 6282
662 6283
663 4978
664 3010
665 636
666 3011
667 1881
668 1829
669 635
670 1400
671 1408
672 1399
673 1405
674 1407
675 789
676 1406
677 789
678 789
679 1258
680 1389
681 1904
682 1830
683 1874
684 1831
685 1874
686 1883
687 1875
688 1439
689 2988
690 1542
691 2897
692 1443
693 1400
694 1442
695 1444
696 1440
697 1445
698 1445
699 1444
700 1505
701 1407
702 1505
703 1406
704 1505
705 2821
706 2822
707 2822
708 2822
709 1406
710 1311
711 2821
712 1315
713 1542
714 1379
715 1541
716 1904
717 1541
718 1311
719 1311
720 1379
721 1315
722 1378
723 1379
724 1393
725 1394
726 1389
727 1393
728 1389
729 1394
730 1377
731 1314
732 1259
733 786
734 1259
735 787
736 1414
737 1409
738 627
739 779
740 628
741 1412
742 1380
743 1281
744 4871
745 4281
746 4853
747 4280
748 4117
749 4117
750 4114
751 4116
752 4115
753 4116
754 4115
755 4871
756 4115
757 4870
758 4868
759 4859
760 5206
761 4744
762 4863
763 4887
764 4741
765 4862
766 4862
767 4863
768 4744
769 4863
770 4858
771 4715
772 4861
773 4861
774 4861
775 4861
776 4852
777 4867
778 4795
779 4849
780 5185
781 5148
782 5145
783 5145
784 5145
785 5146
786 5147
787 5218
788 5147
789 5218
790 4860
791 5189
792 5140
793 5137
794 5206
795 5203
796 4868
797 5143
798 1258
799 5365
800 4862
801 4866
802 4865
803 4795
804 4114
805 4114
806 4114
807 4115
808 4115
809 5145
810 5144
811 5144
812 4114
813 4790
814 4849
815 4866
816 4866
817 4862
818 4741
819 5143
820 5106
821 5107
822 5105
823 5104
824 5101
825 5146
826 5146
827 5217
828 5148
829 5146
830 5149
831 5148
832 4864
833 5151
834 4861
835 5183
836 4862
837 5365
838 1392
839 1393
840 2898
841 1904
842 1393
843 4861
844 4862
845 4862
846 4861
847 1393
848 1393
849 1904
850 5365
851 1390
852 4862
853 5188
854 5188
855 5187
856 5188
857 5175
858 5187
859 5188
860 5188
861 5129
862 5174
863 5174
864 5112
865 5205
866 5205
867 5094
868 5092
869 5092
870 5073
871 5073
872 5073
873 5190
874 5191
875 5074
876 5159
877 5190
878 5155
879 5158
880 5158
881 5158
882 5435
883 5052
884 5435
885 5435
886 5435
887 5434
888 5433
889 5435
890 5433
891 5433
892 5435
893 5433
894 5416
895 5436
896 5419
897 5415
898 5414
899 5415
900 5121
901 5118
902 5220
903 5164
904 5132
905 5133
906 5376
907 5376
908 5044
909 5050
910 5211
911 5041
912 5160
913 5161
914 5161
915 5028
916 5028
917 5160
918 5025
919 5025
920 5025
921 5412
922 5412
923 5025
924 5412
925 5413
926 5412
927 5055
928 5023
929 5026
930 5411
931 5413
932 5411
933 5056
934 5418
935 5220
936 5134
937 5133
938 5213
939 5220
940 5134
941 5115
942 5116
943 5153
944 5117
945 5103
946 6471
947 5133
948 5213
949 5036
950 5213
951 5035
952 5033
953 5131
954 5192
955 5214
956 5186
957 5113
958 5205
959 5205
960 5172
961 5205
962 5113
963 5093
964 5093
965 5093
966 5098
967 5080
968 5034
969 5077
970 5377
971 5076
972 5377
973 5377
974 5043
975 5044
976 5376
977 5041
978 5050
979 5042
980 5050
981 5042
982 5049
983 5062
984 5064
985 5078
986 5197
987 5378
988 6334
989 5094
990 6334
991 5094
992 5050
993 5160
994 5050
995 5047
996 5049
997 5047
998 5064
999 5048
1000 5198
1001 5021
1002 5191
1003 5030
1004 5073
1005 5191
1006 5074
1007 5190
1008 5190
1009 5030
1010 5053
1011 5195
1012 5196
1013 5022
1014 5023
1015 5027
1016 5027
1017 5047
1018 5027
1019 5160
1020 5028
1021 5028
1022 5028
1023 5025
1024 5025
1025 5025
1026 5025
1027 5026
1028 5025
1029 5412
1030 5024
1031 5056
1032 5056
1033 4279
1034 4716
1035 4860
1036 5189
1037 5200
1038 5096
1039 5378
1040 5079
1041 5029
1042 5053
1043 5030
1044 5031
1045 5079
1046 5099
1047 5202
1048 5215
1049 5189
1050 4715
1051 4886
1052 5054
1053 5414
1054 5219
1055 5052
1056 5051
1057 5436
1058 5053
1059 5159
1060 5435
1061 5052
1062 5052
1063 5052
1064 5435
1065 5052
1066 5435
1067 626
1068 626
1069 1396
1070 1389
1071 1388
1072 1388
1073 1388
1074 1233
1075 1388
1076 1232
1077 1233
1078 1382
1079 1384
1080 1398
1081 629
1082 5188
1083 5187
1084 5183
1085 5187
1086 5151
1087 5180
1088 5108
1089 5109
1090 5177
1091 5122
1092 5120
1093 5209
1094 5123
1095 5167
1096 5088
1097 5174
1098 5173
1099 5173
1100 5126
1101 5112
1102 5112
1103 5127
1104 5171
1105 5135
1106 5082
1107 5083
1108 5085
1109 5084
1110 5376
1111 5221
1112 5045
1113 5169
1114 5374
1115 5092
1116 5095
1117 5095
1118 5066
1119 5161
1120 5038
1121 5037
1122 5072
1123 5199
1124 5095
1125 5072
1126 5073
1127 5155
1128 5074
1129 5155
1130 5075
1131 5039
1132 5068
1133 5067
1134 5015
1135 5160
1136 5019
1137 5028
1138 5069
1139 5018
1140 5154
1141 5155
1142 5156
1143 5061
1144 5159
1145 5158
1146 5437
1147 5059
1148 5162
1149 5409
1150 5407
1151 5058
1152 5437
1153 5158
1154 5434
1155 5434
1156 5398
1157 5438
1158 5401
1159 5439
1160 5401
1161 5427
1162 5428
1163 5409
1164 5379
1165 6335
1166 6335
1167 6335
1168 5385
1169 5413
1170 5385
1171 5410
1172 5387
1173 5415
1174 5417
1175 5395
1176 5392
1177 5433
1178 5419
1179 5433
1180 5399
1181 5434
1182 5398
1183 5399
1184 5608
1185 5440
1186 5440
1187 5406
1188 5431
1189 5384
1190 5573
1191 5573
1192 5384
1193 5386
1194 5389
1195 5704
1196 5609
1197 5608
1198 5608
1199 5385
1200 5384
1201 5399
1202 5396
1203 5390
1204 5393
1205 5402
1206 5421
1207 5385
1208 5420
1209 5398
1210 5398
1211 5385
1212 5387
1213 5402
1214 5605
1215 5718
1216 5496
1217 5658
1218 5646
1219 5485
1220 5713
1221 5713
1222 5485
1223 5447
1224 5556
1225 5715
1226 5539
1227 5605
1228 5605
1229 5483
1230 5484
1231 5548
1232 5745
1233 5483
1234 5745
1235 5548
1236 5481
1237 5520
1238 5480
1239 5567
1240 5560
1241 5702
1242 5486
1243 5534
1244 6081
1245 6072
1246 5751
1247 5463
1248 5596
1249 6174
1250 6181
1251 6182
1252 6198
1253 5580
1254 5535
1255 5516
1256 5650
1257 6081
1258 6076
1259 6074
1260 6074
1261 6164
1262 6171
1263 6057
1264 6171
1265 6074
1266 6163
1267 5524
1268 5451
1269 5633
1270 5510
1271 5674
1272 5514
1273 5547
1274 1678
1275 1675
1276 1707
1277 1707
1278 1677
1279 1673
1280 1676
1281 1734
1282 1638
1283 1231
1284 1634
1285 1234
1286 1668
1287 1387
1288 1718
1289 1390
1290 1718
1291 1390
1292 1719
1293 1390
1294 1719
1295 1719
1296 1719
1297 1714
1298 1714
1299 1710
1300 1714
1301 1682
1302 1681
1303 1642
1304 1619
1305 1739
1306 1698
1307 1653
1308 1656
1309 1651
1310 1652
1311 1654
1312 1694
1313 1651
1314 1654
1315 1614
1316 1694
1317 1614
1318 1915
1319 1573
1320 1915
1321 1691
1322 1579
1323 1742
1324 1557
1325 1692
1326 1692
1327 1557
1328 1557
1329 1557
1330 1556
1331 1556
1332 1693
1333 1946
1334 1951
1335 1946
1336 2874
1337 1951
1338 2874
1339 2874
1340 2874
1341 2874
1342 2874
1343 2874
1344 1923
1345 1951
1346 2874
1347 1925
1348 2874
1349 1923
1350 1705
1351 1696
1352 1715
1353 1706
1354 1706
1355 1720
1356 1658
1357 1658
1358 1705
1359 1643
1360 1657
1361 1736
1362 1624
1363 1623
1364 1623
1365 1605
1366 1606
1367 1606
1368 1688
1369 1605
1370 1605
1371 1689
1372 1689
1373 1689
1374 1978
1375 1690
1376 1690
1377 1975
1378 1978
1379 1974
1380 1936
1381 1936
1382 1972
1383 1933
1384 1959
1385 1959
1386 1950
1387 1929
1388 1929
1389 1749
1390 1649
1391 1748
1392 1751
1393 1636
1394 1751
1395 1683
1396 1645
1397 1720
1398 1720
1399 1720
1400 1717
1401 1703
1402 1717
1403 1703
1404 1746
1405 1747
1406 1633
1407 1733
1408 1684
1409 1736
1410 1643
1411 1736
1412 1643
1413 1732
1414 1644
1415 1661
1416 1630
1417 1646
1418 1723
1419 1664
1420 1565
1421 1664
1422 1665
1423 1650
1424 1663
1425 1663
1426 1695
1427 1744
1428 1744
1429 1564
1430 1574
1431 1573
1432 1916
1433 1724
1434 1608
1435 1628
1436 1610
1437 1626
1438 1917
1439 1626
1440 1625
1441 1625
1442 1606
1443 2873
1444 1612
1445 1722
1446 1562
1447 1728
1448 1609
1449 1605
1450 1596
1451 1593
1452 1575
1453 1575
1454 1572
1455 1572
1456 1691
1457 1742
1458 1572
1459 1572
1460 1579
1461 1691
1462 1579
1463 1579
1464 1580
1465 1579
1466 1594
1467 1581
1468 1561
1469 1726
1470 1722
1471 1563
1472 1722
1473 1721
1474 1721
1475 1692
1476 1692
1477 1578
1478 1692
1479 1578
1480 1578
1481 1555
1482 1558
1483 1560
1484 1553
1485 1584
1486 1583
1487 1689
1488 1584
1489 1689
1490 1557
1491 1557
1492 1557
1493 1557
1494 1557
1495 1556
1496 1586
1497 1556
1498 1750
1499 1955
1500 1582
1501 1964
1502 1585
1503 1974
1504 1974
1505 1556
1506 1556
1507 1556
1508 1951
1509 1556
1510 1951
1511 1952
1512 1951
1513 1954
1514 1956
1515 1973
1516 1958
1517 1974
1518 1972
1519 1975
1520 1958
1521 1932
1522 1951
1523 1655
1524 1666
1525 1618
1526 1621
1527 1738
1528 1659
1529 1910
1530 1658
1531 1660
1532 1657
1533 1613
1534 1615
1535 1615
1536 1738
1537 1617
1538 1700
1539 1701
1540 1699
1541 1702
1542 1623
1543 1623
1544 1624
1545 1911
1546 1624
1547 1576
1548 1912
1549 1914
1550 1577
1551 1914
1552 1568
1553 1597
1554 1571
1555 1570
1556 1730
1557 1601
1558 1603
1559 1605
1560 1604
1561 1605
1562 1688
1563 1604
1564 1685
1565 1601
1566 1599
1567 1569
1568 1549
1569 1550
1570 1546
1571 1557
1572 1602
1573 1547
1574 1685
1575 1590
1576 1688
1577 1687
1578 1687
1579 1551
1580 1693
1581 1548
1582 1948
1583 1980
1584 1592
1585 1690
1586 1976
1587 1978
1588 1693
1589 1946
1590 1741
1591 1947
1592 1977
1593 1966
1594 1978
1595 1942
1596 1975
1597 1946
1598 2874
1599 1921
1600 1918
1601 1939
1602 1963
1603 1942
1604 1941
1605 1937
1606 1937
1607 1935
1608 1935
1609 2243
1610 1935
1611 1925
1612 1927
1613 1923
1614 1924
1615 1923
1616 1924
1617 1923
1618 1924
1619 2874
1620 1923
1621 2874
1622 1923
1623 1919
1624 1923
1625 1945
1626 2108
1627 2032
1628 2087
1629 2026
1630 2017
1631 2023
1632 2024
1633 2024
1634 2023
1635 2112
1636 1970
1637 2112
1638 2147
1639 2103
1640 2023
1641 2112
1642 1940
1643 1979
1644 2109
1645 1924
1646 2147
1647 2023
1648 1924
1649 1919
1650 1961
1651 2002
1652 2064
1653 2194
1654 2697
1655 2053
1656 1982
1657 2702
1658 2733
1659 2723
1660 2710
1661 2250
1662 2221
1663 2287
1664 2252
1665 2252
1666 2202
1667 2034
1668 2252
1669 2257
1670 2024
1671 2143
1672 2022
1673 2080
1674 2229
1675 2091
1676 1988
1677 2480
1678 2630
1679 2643
1680 2684
1681 2470
1682 2159
1683 2181
1684 2766
1685 2746
1686 2746
1687 2762
1688 2179
1689 2125
1690 2619
1691 2582
1692 1995
1693 2214
1694 2289
1695 2759
1696 2163
1697 2763
1698 2746
1699 2592
1700 2730
1701 2622
1702 2728
1703 5365
1704 4862
1705 4866
1706 4850
1707 4881
1708 2819
1709 627
1710 788
1711 1314
1712 788
1713 1376
1714 1391
1715 1390
1716 1389
1717 1389
1718 1261
1719 5325
1720 5292
1721 5293
1722 213
1723 152
1724 3724
1725 212
1726 298
1727 257
1728 206
1729 3719
1730 151
1731 460
1732 4977
1733 4978
1734 4915
1735 4918
1736 6283
1737 5010
1738 6358
1739 4791
1740 1861
1741 3011
1742 1341
1743 1408
1744 1405
1745 789
1746 1904
1747 635
1748 1830
1749 1831
1750 1850
1751 1443
1752 1443
1753 1438
1754 1442
1755 1506
1756 1444
1757 1399
1758 1407
1759 1505
1760 2896
1761 2822
1762 1406
1763 2821
1764 1542
1765 1904
1766 1541
1767 1311
1768 1315
1769 1379
1770 1378
1771 1393
1772 1389
1773 1393
1774 1394
1775 1376
1776 1314
1777 1260
1778 786
1779 787
1780 2820
1781 1412
1782 787
1783 778
1784 4281
1785 4281
1786 4116
1787 4116
1788 4116
1789 4871
1790 4856
1791 4717
1792 4741
1793 4744
1794 4862
1795 4863
1796 4862
1797 4861
1798 4864
1799 4849
1800 4790
1801 5145
1802 5147
1803 5147
1804 4861
1805 4860
1806 4857
1807 4869
1808 5145
1809 4114
1810 4115
1811 4115
1812 4114
1813 4276
1814 4850
1815 4866
1816 4862
1817 4862
1818 4741
1819 5144
1820 5106
1821 5106
1822 5141
1823 5146
1824 5185
1825 5148
1826 4852
1827 4867
1828 4866
1829 4861
1830 1393
1831 1393
1832 1904
1833 5365
1834 1392
1835 5365
1836 4861
1837 5186
1838 5188
1839 5174
1840 5205
1841 5092
1842 5073
1843 5074
1844 5190
1845 5158
1846 5435
1847 5435
1848 5434
1849 5433
1850 5425
1851 5416
1852 5118
1853 5132
1854 5044
1855 5211
1856 5161
1857 5160
1858 5025
1859 5412
1860 5412
1861 5026
1862 5411
1863 5418
1864 5220
1865 5133
1866 5220
1867 5115
1868 5114
1869 5102
1870 5133
1871 5036
1872 5036
1873 5194
1874 5215
1875 5205
1876 5188
1877 5361
1878 5175
1879 5205
1880 5113
1881 5099
1882 5193
1883 5034
1884 5377
1885 5043
1886 5044
1887 5041
1888 5041
1889 5042
1890 5063
1891 5197
1892 5079
1893 5094
1894 5094
1895 5161
1896 5050
1897 5050
1898 5049
1899 5065
1900 5032
1901 6334
1902 5073
1903 5191
1904 5190
1905 5030
1906 5021
1907 5048
1908 5047
1909 5047
1910 5160
1911 5028
1912 5028
1913 5025
1914 5025
1915 5412
1916 5411
1917 5023
1918 5056
1919 5029
1920 5191
1921 5378
1922 5098
1923 5130
1924 5186
1925 5138
1926 4714
1927 4744
1928 5196
1929 5414
1930 5053
1931 5436
1932 5159
1933 5052
1934 5053
1935 5052
1936 5052
1937 5435
1938 5435
1939 626
1940 1389
1941 1388
1942 1388
1943 1233
1944 1381
1945 1397
1946 628
1947 5188
1948 5183
1949 5181
1950 5108
1951 5176
1952 5119
1953 5110
1954 5182
1955 5174
1956 5174
1957 5205
1958 5126
1959 5090
1960 5124
1961 5163
1962 5085
1963 5086
1964 5170
1965 5092
1966 5092
1967 5211
1968 5037
1969 5373
1970 5095
1971 5095
1972 5074
1973 5074
1974 5071
1975 5040
1976 5161
1977 5028
1978 5015
1979 5155
1980 5068
1981 5155
1982 5025
1983 5407
1984 5058
1985 5158
1986 5158
1987 5434
1988 5438
1989 5438
1990 5429
1991 5408
1992 5409
1993 6335
1994 5413
1995 5413
1996 5417
1997 5392
1998 5419
1999 5433
2000 5434
2001 5434
2002 5385
2003 5396
2004 5390
2005 5428
2006 5384
2007 5394
2008 5398
2009 5381
2010 5387
2011 5399
2012 5402
2013 5385
2014 5391
2015 5397
2016 5402
2017 5483
2018 5745
2019 5483
2020 5745
2021 5483
2022 5495
2023 5481
2024 5520
2025 5479
2026 5668
2027 5475
2028 5696
2029 5487
2030 5533
2031 5745
2032 6074
2033 6164
2034 6059
2035 6171
2036 6074
2037 6165
2038 5654
2039 5576
2040 5522
2041 5445
2042 5464
2043 5597
2044 5682
2045 6232
2046 5749
2047 1716
2048 1678
2049 1675
2050 1674
2051 1672
2052 1234
2053 1387
2054 1387
2055 1390
2056 1390
2057 1719
2058 1714
2059 1709
2060 1682
2061 1680
2062 1713
2063 1641
2064 1653
2065 1654
2066 1695
2067 1573
2068 1691
2069 1692
2070 1557
2071 1556
2072 1946
2073 2874
2074 2874
2075 2874
2076 1950
2077 1951
2078 1697
2079 1705
2080 1706
2081 1657
2082 1623
2083 1606
2084 1605
2085 1689
2086 1690
2087 1974
2088 1936
2089 1959
2090 1956
2091 1923
2092 1708
2093 1749
2094 1748
2095 1635
2096 1714
2097 1720
2098 1720
2099 1717
2100 1717
2101 1746
2102 1745
2103 1633
2104 1736
2105 1736
2106 1732
2107 1662
2108 1725
2109 1647
2110 1664
2111 1650
2112 1650
2113 1663
2114 1744
2115 1695
2116 1564
2117 1567
2118 1629
2119 1628
2120 1626
2121 1623
2122 2873
2123 1612
2124 1609
2125 1606
2126 1593
2127 1575
2128 1742
2129 1572
2130 1572
2131 1579
2132 1579
2133 1579
2134 1595
2135 1729
2136 1562
2137 1722
2138 1605
2139 1692
2140 1578
2141 1578
2142 1581
2143 1726
2144 1583
2145 1584
2146 1689
2147 1557
2148 1557
2149 1557
2150 1558
2151 1588
2152 1582
2153 1690
2154 1585
2155 1556
2156 1556
2157 1556
2158 1951
2159 1955
2160 1964
2161 1974
2162 1974
2163 1972
2164 1958
2165 1929
2166 1951
2167 1951
2168 1666
2169 1620
2170 1909
2171 1659
2172 1657
2173 1654
2174 1614
2175 1618
2176 1738
2177 1699
2178 1643
2179 1623
2180 1911
2181 1912
2182 1577
2183 1915
2184 1597
2185 1571
2186 1913
2187 1606
2188 1603
2189 1605
2190 1604
2191 1600
2192 1570
2193 1598
2194 1550
2195 1549
2196 1599
2197 1688
2198 1687
2199 1551
2200 1547
2201 1591
2202 1976
2203 1690
2204 1693
2205 1948
2206 1966
2207 1977
2208 1978
2209 1946
2210 1947
2211 1963
2212 1942
2213 1937
2214 1936
2215 1935
2216 1927
2217 1923
2218 1923
2219 1923
2220 1923
2221 2874
2222 2874
2223 2105
2224 2112
2225 1979
2226 2110
2227 1924
2228 1979
2229 2112
2230 1924
2231 2147
2232 1920
2233 2023
2234 1922
2235 1944
2236 2252
2237 2203
2238 2252
2239 2035
2240 2252
2241 2257
2242 2022
2243 2143
2244 2182
2245 2239
2246 2071
2247 2096
2248 2024
2249 2620
2250 1998
2251 2489
2252 1994
2253 2122
2254 2761
2255 2745
2256 2293
2257 2746
2258 2613
2259 2730
2260 2619
2261 2750
2262 1863
2263 1862
2264 1861
2265 1861
2266 1822
2267 1822
2268 1881
2269 1822
2270 4741
2271 4741
2272 4744
2273 5365
2274 5365
2275 5365
2276 5365
2277 4741
2278 4741
2279 4866
2280 5365
2281 4862
2282 4866
2283 5365
2284 5365
2285 4851
2286 4851
2287 4866
2288 4865
2289 5010
2290 5010
2291 4794
2292 4794
2293 4851
2294 4794
2295 4794
2296 4850
2297 4117
2298 4791
2299 4277
2300 4277
2301 4791
2302 2819
2303 1405
2304 1408
2305 627
2306 627
2307 2819
2308 627
2309 627
2310 1405
2311 626
2312 626
2313 627
2314 626
2315 789
2316 627
2317 1679
2318 1310
2319 1678
2320 1716
2321 1310
2322 788
2323 1310
2324 1311
2325 1680
2326 1314
2327 1679
2328 1680
2329 1314
2330 1310
2331 1377
2332 1377
2333 1682
2334 1682
2335 1376
2336 1376
2337 1392
2338 1391
2339 1710
2340 1392
2341 1391
2342 1377
2343 1390
2344 1390
2345 1390
2346 1390
2347 1392
2348 1392
2349 1389
2350 1389
2351 1390
2352 1390
2353 1389
2354 1389
2355 1258
2356 1258
2357 1389
2358 1259
2359 1904
2360 1389
2361 1259
2362 1258
2363 2820
2364 6470
2365 5285
2366 5342
2367 6470
2368 6469
2369 5322
2370 5336
2371 5290
2372 5293
2373 5335
2374 4125
2375 4124
2376 4125
2377 222
2378 3919
2379 3663
2380 3662
2381 3796
2382 3839
2383 334
2384 284
2385 285
2386 150
2387 153
2388 153
2389 298
2390 298
2391 299
2392 224
2393 224
2394 223
2395 300
2396 301
2397 301
2398 305
2399 302
2400 3814
2401 3813
2402 3812
2403 3663
2404 3810
2405 3723
2406 3718
2407 210
2408 300
2409 224
2410 208
2411 3797
2412 3663
2413 298
2414 153
2415 3723
2416 3814
2417 3918
2418 3050
2419 257
2420 301
2421 298
2422 298
2423 3718
2424 284
2425 423
2426 305
2427 4978
2428 4917
2429 5335
2430 4918
2431 4916
2432 4873
2433 4917
2434 4741
2435 5365
2436 5011
2437 5011
2438 6283
2439 6282
2440 6282
2441 6282
2442 6283
2443 4880
2444 4978
2445 636
2446 1861
2447 3010
2448 636
2449 1829
2450 1861
2451 3011
2452 1881
2453 1832
2454 1829
2455 1829
2456 1832
2457 636
2458 1400
2459 1860
2460 1400
2461 1407
2462 1399
2463 1399
2464 1405
2465 1406
2466 1407
2467 1407
2468 627
2469 789
2470 1406
2471 789
2472 788
2473 789
2474 789
2475 789
2476 1258
2477 1904
2478 2899
2479 1389
2480 1389
2481 1904
2482 1904
2483 1830
2484 1874
2485 1860
2486 1874
2487 1831
2488 1875
2489 1874
2490 1875
2491 1883
2492 1875
2493 1440
2494 1882
2495 1883
2496 1439
2497 2988
2498 2989
2499 1439
2500 1542
2501 1542
2502 2897
2503 1874
2504 1443
2505 1400
2506 1443
2507 1442
2508 1442
2509 1444
2510 1444
2511 1440
2512 1441
2513 1445
2514 1441
2515 1445
2516 1506
2517 1506
2518 1444
2519 1444
2520 1505
2521 1505
2522 1407
2523 1505
2524 1505
2525 2821
2526 1406
2527 2821
2528 1506
2529 2822
2530 2821
2531 2821
2532 2822
2533 1542
2534 2822
2535 2822
2536 2822
2537 1406
2538 1311
2539 789
2540 1311
2541 2822
2542 2821
2543 1315
2544 1315
2545 1542
2546 1542
2547 1379
2548 1379
2549 1541
2550 1541
2551 1904
2552 1541
2553 1541
2554 1541
2555 1311
2556 1311
2557 1311
2558 1311
2559 1379
2560 1379
2561 1315
2562 1315
2563 1378
2564 1378
2565 1379
2566 1378
2567 1393
2568 1393
2569 1394
2570 1394
2571 1389
2572 1389
2573 1393
2574 1393
2575 1389
2576 1389
2577 1391
2578 1394
2579 1377
2580 1378
2581 1314
2582 1314
2583 1413
2584 1259
2585 1259
2586 792
2587 1259
2588 1259
2589 791
2590 1414
2591 793
2592 1409
2593 2819
2594 627
2595 627
2596 1383
2597 628
2598 628
2599 1383
2600 1412
2601 790
2602 1380
2603 791
2604 4116
2605 4883
2606 4871
2607 4871
2608 4281
2609 4854
2610 4278
2611 4280
2612 4280
2613 4117
2614 4117
2615 4117
2616 4117
2617 4117
2618 4114
2619 4116
2620 4114
2621 4115
2622 4116
2623 4115
2624 4115
2625 4115
2626 4871
2627 4868
2628 4115
2629 4115
2630 4870
2631 4869
2632 4868
2633 4869
2634 4279
2635 4859
2636 5206
2637 4859
2638 4744
2639 4744
2640 4863
2641 4863
2642 4741
2643 4886
2644 4744
2645 4744
2646 4862
2647 4862
2648 4862
2649 4863
2650 4863
2651 4744
2652 4862
2653 4862
2654 4860
2655 4858
2656 4714
2657 4715
2658 4714
2659 4862
2660 4861
2661 4862
2662 4861
2663 4866
2664 4861
2665 4861
2666 4861
2667 4852
2668 4852
2669 4867
2670 4864
2671 4795
2672 4795
2673 4852
2674 4849
2675 4276
2676 5185
2677 4795
2678 5148
2679 5145
2680 5145
2681 5185
2682 5145
2683 5145
2684 5147
2685 5145
2686 5146
2687 5144
2688 5147
2689 5218
2690 5218
2691 5147
2692 5218
2693 5218
2694 5218
2695 4860
2696 5189
2697 4861
2698 5189
2699 5140
2700 5139
2701 5138
2702 5136
2703 4869
2704 5142
2705 5141
2706 5203
2707 4868
2708 5143
2709 5142
2710 5143
2711 1258
2712 1259
2713 4741
2714 5365
2715 4862
2716 4862
2717 4866
2718 4866
2719 4865
2720 4865
2721 4794
2722 4795
2723 4114
2724 4276
2725 4114
2726 4114
2727 4114
2728 4114
2729 4115
2730 5144
2731 4115
2732 5144
2733 4114
2734 5145
2735 5144
2736 5144
2737 5144
2738 5144
2739 4114
2740 4114
2741 4790
2742 4276
2743 4849
2744 4795
2745 4866
2746 4865
2747 4862
2748 4866
2749 4862
2750 4862
2751 4741
2752 5365
2753 1413
2754 5143
2755 5144
2756 5106
2757 5106
2758 5218
2759 5107
2760 5203
2761 5204
2762 5107
2763 5104
2764 5100
2765 5204
2766 5146
2767 5217
2768 5145
2769 5146
2770 5217
2771 5217
2772 5185
2773 5148
2774 5146
2775 5176
2776 5149
2777 5149
2778 5148
2779 5149
2780 4864
2781 4864
2782 5151
2783 5181
2784 4861
2785 4867
2786 5183
2787 5188
2788 4862
2789 4862
2790 5365
2791 5365
2792 1392
2793 1392
2794 1389
2795 1390
2796 1889
2797 1904
2798 2898
2799 1904
2800 1904
2801 1393
2802 1393
2803 4861
2804 4861
2805 4862
2806 4862
2807 4862
2808 4862
2809 4861
2810 4861
2811 1393
2812 1393
2813 1393
2814 1393
2815 1904
2816 1904
2817 2898
2818 1358
2819 5365
2820 1390
2821 1390
2822 4862
2823 5365
2824 4861
2825 5188
2826 5188
2827 5188
2828 5186
2829 5187
2830 5188
2831 5186
2832 5175
2833 5175
2834 5187
2835 5187
2836 5188
2837 5188
2838 5187
2839 5188
2840 5129
2841 5129
2842 5175
2843 5172
2844 5174
2845 5187
2846 5112
2847 5112
2848 5205
2849 5112
2850 5112
2851 5205
2852 5094
2853 5094
2854 5092
2855 5094
2856 5092
2857 5092
2858 5073
2859 5073
2860 5094
2861 5073
2862 5073
2863 5095
2864 5190
2865 5190
2866 5074
2867 5190
2868 5074
2869 5074
2870 5159
2871 5159
2872 5190
2873 5159
2874 5159
2875 5155
2876 5052
2877 5158
2878 5159
2879 5052
2880 5158
2881 5159
2882 5435
2883 5435
2884 5052
2885 5052
2886 5435
2887 5435
2888 5435
2889 5434
2890 5435
2891 5435
2892 5434
2893 5434
2894 5433
2895 5433
2896 5435
2897 5435
2898 5433
2899 5434
2900 5436
2901 5433
2902 5435
2903 5436
2904 5433
2905 5433
2906 5425
2907 5416
2908 5436
2909 5425
2910 5425
2911 5419
2912 5056
2913 5415
2914 5416
2915 5414
2916 5415
2917 5416
2918 5121
2919 5134
2920 5118
2921 5121
2922 5220
2923 5218
2924 5164
2925 5164
2926 5121
2927 5163
2928 5133
2929 5134
2930 5376
2931 5376
2932 5085
2933 5376
2934 5376
2935 5164
2936 5161
2937 5050
2938 5211
2939 5211
2940 5211
2941 5041
2942 5160
2943 5160
2944 5161
2945 5160
2946 5160
2947 5050
2948 5028
2949 5028
2950 5160
2951 5028
2952 5028
2953 5160
2954 5412
2955 5025
2956 5025
2957 5025
2958 5025
2959 5028
2960 5412
2961 5412
2962 5409
2963 5412
2964 5412
2965 5025
2966 5413
2967 5412
2968 5413
2969 5413
2970 5412
2971 5412
2972 5055
2973 5411
2974 5057
2975 5055
2976 5055
2977 5026
2978 5411
2979 5411
2980 5413
2981 5410
2982 5411
2983 5411
2984 5056
2985 5418
2986 5415
2987 5418
2988 5220
2989 5134
2990 5134
2991 5134
2992 5134
2993 5133
2994 5213
2995 5213
2996 5220
2997 5134
2998 5134
2999 5134
3000 5115
3001 5116
3002 5134
3003 5116
3004 5153
3005 5152
3006 5116
3007 5117
3008 5100
3009 5103
3010 5152
3011 6471
3012 5134
3013 5133
3014 5213
3015 5213
3016 5116
3017 5036
3018 5213
3019 5033
3020 5117
3021 5035
3022 5033
3023 5034
3024 5131
3025 5097
3026 5034
3027 5192
3028 5214
3029 5172
3030 5189
3031 5175
3032 5113
3033 5113
3034 5361
3035 5205
3036 5205
3037 5205
3038 5175
3039 5361
3040 5205
3041 5205
3042 5205
3043 5112
3044 5112
3045 5093
3046 5113
3047 5093
3048 5093
3049 5093
3050 5193
3051 5081
3052 5080
3053 5080
3054 5034
3055 5076
3056 5081
3057 5077
3058 5033
3059 5377
3060 5076
3061 5076
3062 5213
3063 5377
3064 5377
3065 5377
3066 5213
3067 5044
3068 5043
3069 5044
3070 5376
3071 5376
3072 5041
3073 5041
3074 5050
3075 5050
3076 5042
3077 5041
3078 5050
3079 5050
3080 5063
3081 5042
3082 5050
3083 5049
3084 5077
3085 5062
3086 5049
3087 5064
3088 5081
3089 5078
3090 5065
3091 5197
3092 5378
3093 6334
3094 6334
3095 6334
3096 5093
3097 5094
3098 6334
3099 5073
3100 5094
3101 5094
3102 5050
3103 5047
3104 5160
3105 5047
3106 5050
3107 5047
3108 5047
3109 5047
3110 5049
3111 5047
3112 5047
3113 5047
3114 5064
3115 5022
3116 5048
3117 5048
3118 5198
3119 5198
3120 5022
3121 5021
3122 6334
3123 5191
3124 5030
3125 5030
3126 5073
3127 5191
3128 5191
3129 5191
3130 5074
3131 5191
3132 5191
3133 5190
3134 5190
3135 5190
3136 5030
3137 5030
3138 5030
3139 5053
3140 5195
3141 5024
3142 5054
3143 5196
3144 5022
3145 5057
3146 5024
3147 5023
3148 5047
3149 5027
3150 5057
3151 5027
3152 5047
3153 5027
3154 5027
3155 5027
3156 5047
3157 5028
3158 5028
3159 5028
3160 5028
3161 5028
3162 5028
3163 5025
3164 5025
3165 5025
3166 5028
3167 5025
3168 5025
3169 5025
3170 5412
3171 5025
3172 5027
3173 5026
3174 5025
3175 5025
3176 5412
3177 5026
3178 5024
3179 5024
3180 5055
3181 5056
3182 5056
3183 5056
3184 4279
3185 4886
3186 4717
3187 4716
3188 4860
3189 4860
3190 5189
3191 5189
3192 5201
3193 5214
3194 5097
3195 5096
3196 5378
3197 5378
3198 5078
3199 5079
3200 5195
3201 5029
3202 5053
3203 5053
3204 5054
3205 5030
3206 5031
3207 5031
3208 5378
3209 5079
3210 5099
3211 5099
3212 5113
3213 5361
3214 5137
3215 5215
3216 5189
3217 4860
3218 4715
3219 4716
3220 4886
3221 4716
3222 4280
3223 5054
3224 5051
3225 5414
3226 5219
3227 5219
3228 5219
3229 5053
3230 5052
3231 5051
3232 5052
3233 5436
3234 5435
3235 5053
3236 5053
3237 5159
3238 5053
3239 5435
3240 5052
3241 5052
3242 5052
3243 5053
3244 5052
3245 5052
3246 5052
3247 5052
3248 5435
3249 5052
3250 5435
3251 5435
3252 5435
3253 628
3254 629
3255 626
3256 626
3257 1396
3258 1395
3259 1259
3260 1388
3261 1389
3262 1388
3263 1259
3264 1388
3265 1388
3266 1388
3267 1259
3268 1233
3269 1388
3270 1233
3271 793
3272 1232
3273 1233
3274 1231
3275 1380
3276 1381
3277 1386
3278 1384
3279 1398
3280 1398
3281 629
3282 1395
3283 5188
3284 5188
3285 5187
3286 5187
3287 5178
3288 5178
3289 5187
3290 5184
3291 5151
3292 5150
3293 5179
3294 5150
3295 5176
3296 5108
3297 5109
3298 5111
3299 5217
3300 5177
3301 5111
3302 5122
3303 5120
3304 5125
3305 5209
3306 5208
3307 5124
3308 5208
3309 5184
3310 5167
3311 5088
3312 5089
3313 5187
3314 5174
3315 5173
3316 5173
3317 5173
3318 5173
3319 5129
3320 5112
3321 5112
3322 5112
3323 5112
3324 5112
3325 5370
3326 5127
3327 5168
3328 5207
3329 5135
3330 5087
3331 5125
3332 5083
3333 5087
3334 5083
3335 5085
3336 5085
3337 5084
3338 5375
3339 5376
3340 5375
3341 5221
3342 5221
3343 5375
3344 5045
3345 5168
3346 5169
3347 5374
3348 5372
3349 5112
3350 5092
3351 5095
3352 5095
3353 5095
3354 5095
3355 5375
3356 5066
3357 5161
3358 5066
3359 5046
3360 5038
3361 5037
3362 5038
3363 5095
3364 5072
3365 5373
3366 5199
3367 5095
3368 5073
3369 5072
3370 5072
3371 5073
3372 5073
3373 5155
3374 5155
3375 5074
3376 5074
3377 5155
3378 5155
3379 5075
3380 5075
3381 5039
3382 5039
3383 5154
3384 5069
3385 5067
3386 5067
3387 5016
3388 5015
3389 5160
3390 5019
3391 5019
3392 5020
3393 5028
3394 5020
3395 5069
3396 5060
3397 5018
3398 5017
3399 5154
3400 5156
3401 5155
3402 5156
3403 5156
3404 5156
3405 5060
3406 5157
3407 5159
3408 5159
3409 5156
3410 5158
3411 5156
3412 5437
3413 5060
3414 5059
3415 5162
3416 5162
3417 5409
3418 5409
3419 5210
3420 5409
3421 5441
3422 5058
3423 5158
3424 5437
3425 5158
3426 5158
3427 5438
3428 5434
3429 5434
3430 5434
3431 5434
3432 5398
3433 5438
3434 5401
3435 5434
3436 5401
3437 5439
3438 5439
3439 5401
3440 5401
3441 5427
3442 5427
3443 5400
3444 5422
3445 5409
3446 6335
3447 5380
3448 5379
3449 5409
3450 6335
3451 6335
3452 6335
3453 6335
3454 6335
3455 5385
3456 5385
3457 5413
3458 5413
3459 5385
3460 5387
3461 5410
3462 5410
3463 5387
3464 5410
3465 5415
3466 5417
3467 5410
3468 5417
3469 5395
3470 5395
3471 5392
3472 5392
3473 5433
3474 5433
3475 5395
3476 5420
3477 5433
3478 5399
3479 5399
3480 5399
3481 5434
3482 5399
3483 5398
3484 5398
3485 5399
3486 5399
3487 5608
3488 5608
3489 5440
3490 5440
3491 5440
3492 5440
3493 5403
3494 5423
3495 5430
3496 5383
3497 5383
3498 5384
3499 5573
3500 5573
3501 5573
3502 5573
3503 5384
3504 5384
3505 5386
3506 5386
3507 5388
3508 5389
3509 5703
3510 5747
3511 5396
3512 5609
3513 5608
3514 5608
3515 5608
3516 5608
3517 5385
3518 5384
3519 5384
3520 5385
3521 5399
3522 5396
3523 5397
3524 5398
3525 5417
3526 5390
3527 5393
3528 5393
3529 5400
3530 5403
3531 5424
3532 5421
3533 5384
3534 5387
3535 5747
3536 5420
3537 5398
3538 5397
3539 5440
3540 5398
3541 5382
3542 6335
3543 5387
3544 5391
3545 5402
3546 5401
3547 5605
3548 5605
3549 5605
3550 5718
3551 5717
3552 5497
3553 5656
3554 5662
3555 5645
3556 5688
3557 5530
3558 5485
3559 5485
3560 5713
3561 5713
3562 5713
3563 5713
3564 5485
3565 5448
3566 5446
3567 5556
3568 5556
3569 5554
3570 5716
3571 5701
3572 5539
3573 5605
3574 5605
3575 5605
3576 5605
3577 5573
3578 5484
3579 5485
3580 5481
3581 5549
3582 5718
3583 5718
3584 5549
3585 5484
3586 5573
3587 5521
3588 5718
3589 5718
3590 5521
3591 5484
3592 5573
3593 5745
3594 5568
3595 5482
3596 5570
3597 5494
3598 5404
3599 5553
3600 5564
3601 5740
3602 5430
3603 5474
3604 5566
3605 5532
3606 5691
3607 6084
3608 6081
3609 6071
3610 6073
3611 5751
3612 5635
3613 5636
3614 5460
3615 5461
3616 5457
3617 6160
3618 6169
3619 6184
3620 6182
3621 6182
3622 6182
3623 6195
3624 6201
3625 6217
3626 5507
3627 5504
3628 5600
3629 5732
3630 5519
3631 5593
3632 5651
3633 6081
3634 6084
3635 6076
3636 6063
3637 5545
3638 6071
3639 6071
3640 5545
3641 5713
3642 6170
3643 6183
3644 5712
3645 5544
3646 6069
3647 6183
3648 5712
3649 6071
3650 5542
3651 6215
3652 5709
3653 6073
3654 5604
3655 5506
3656 5557
3657 5462
3658 5632
3659 5603
3660 5468
3661 5458
3662 5671
3663 5593
3664 6239
3665 5472
3666 5692
3667 1678
3668 1677
3669 1675
3670 1675
3671 1679
3672 1707
3673 1677
3674 1707
3675 1677
3676 1676
3677 1673
3678 1673
3679 1676
3680 1676
3681 1737
3682 1734
3683 1637
3684 1638
3685 1386
3686 1671
3687 1735
3688 1634
3689 1234
3690 1669
3691 1668
3692 1669
3693 1387
3694 1718
3695 1669
3696 1718
3697 1390
3698 1718
3699 1718
3700 1718
3701 1390
3702 1719
3703 1718
3704 1719
3705 1390
3706 1719
3707 1719
3708 1719
3709 1390
3710 1719
3711 1719
3712 1719
3713 1714
3714 1714
3715 1719
3716 1714
3717 1710
3718 1710
3719 1714
3720 1709
3721 1680
3722 1642
3723 1711
3724 1681
3725 1639
3726 1642
3727 1619
3728 1740
3729 1681
3730 1739
3731 1698
3732 1712
3733 1640
3734 1653
3735 1740
3736 1656
3737 1651
3738 1654
3739 1708
3740 1652
3741 1654
3742 1654
3743 1694
3744 1613
3745 1651
3746 1651
3747 1613
3748 1654
3749 1614
3750 1614
3751 1663
3752 1695
3753 1614
3754 1613
3755 1915
3756 1915
3757 1614
3758 1573
3759 1915
3760 1614
3761 1691
3762 1691
3763 1579
3764 1691
3765 1742
3766 1742
3767 1692
3768 1557
3769 1692
3770 1692
3771 1692
3772 1692
3773 1557
3774 1557
3775 1557
3776 1557
3777 1557
3778 1557
3779 1556
3780 1693
3781 1556
3782 1556
3783 1693
3784 1693
3785 1946
3786 2874
3787 1951
3788 1951
3789 1946
3790 1946
3791 2874
3792 2874
3793 1951
3794 1951
3795 2874
3796 2874
3797 2874
3798 2874
3799 2874
3800 2874
3801 1923
3802 2874
3803 2874
3804 1923
3805 2874
3806 2874
3807 1923
3808 1923
3809 2874
3810 1951
3811 2874
3812 1951
3813 1925
3814 1925
3815 2874
3816 1950
3817 1923
3818 1923
3819 1705
3820 1705
3821 1622
3822 1696
3823 1715
3824 1712
3825 1706
3826 1705
3827 1706
3828 1706
3829 1705
3830 1720
3831 1658
3832 1703
3833 1658
3834 1658
3835 1704
3836 1705
3837 1643
3838 1643
3839 1657
3840 1643
3841 1643
3842 1658
3843 1624
3844 1625
3845 1623
3846 1624
3847 1625
3848 1623
3849 1605
3850 1605
3851 1624
3852 1606
3853 1606
3854 1606
3855 1688
3856 1721
3857 1605
3858 1688
3859 1721
3860 1605
3861 1689
3862 1689
3863 1688
3864 1689
3865 1689
3866 1721
3867 1978
3868 1974
3869 1690
3870 1690
3871 1690
3872 1690
3873 1975
3874 1975
3875 1978
3876 1975
3877 1975
3878 1974
3879 1936
3880 1936
3881 1937
3882 1936
3883 1972
3884 1972
3885 1933
3886 1933
3887 1936
3888 1959
3889 1959
3890 1936
3891 1950
3892 1950
3893 1949
3894 1934
3895 1925
3896 1934
3897 1749
3898 1649
3899 1652
3900 1649
3901 1748
3902 1751
3903 1751
3904 1751
3905 1636
3906 1751
3907 1751
3908 1751
3909 1735
3910 1645
3911 1648
3912 1645
3913 1719
3914 1720
3915 1719
3916 1720
3917 1717
3918 1704
3919 1717
3920 1704
3921 1703
3922 1703
3923 1717
3924 1704
3925 1703
3926 1703
3927 1670
3928 1746
3929 1747
3930 1747
3931 1631
3932 1632
3933 1731
3934 1733
3935 1684
3936 3013
3937 1900
3938 1736
3939 1643
3940 1643
3941 1900
3942 1644
3943 1643
3944 1644
3945 1732
3946 1627
3947 1644
3948 1627
3949 1661
3950 1723
3951 1627
3952 1630
3953 1646
3954 1566
3955 1723
3956 1566
3957 1664
3958 1665
3959 1566
3960 1565
3961 1664
3962 1665
3963 1665
3964 1665
3965 1650
3966 1650
3967 1665
3968 1650
3969 1663
3970 1650
3971 1695
3972 1665
3973 1743
3974 1573
3975 1744
3976 1574
3977 1564
3978 1916
3979 1573
3980 1574
3981 1573
3982 1573
3983 1574
3984 1916
3985 1724
3986 1724
3987 1608
3988 1607
3989 1628
3990 1611
3991 1610
3992 1611
3993 1626
3994 1917
3995 1611
3996 1917
3997 1626
3998 1625
3999 1625
4000 1625
4001 1625
4002 1625
4003 1625
4004 1606
4005 1917
4006 2873
4007 1611
4008 1612
4009 1722
4010 1722
4011 1562
4012 1612
4013 1610
4014 1728
4015 1609
4016 1728
4017 1605
4018 1722
4019 1608
4020 1596
4021 1593
4022 1596
4023 1574
4024 1572
4025 1575
4026 1572
4027 1573
4028 1572
4029 1915
4030 1572
4031 1691
4032 1691
4033 1742
4034 1742
4035 1572
4036 1742
4037 1572
4038 1572
4039 1572
4040 1579
4041 1691
4042 1579
4043 1572
4044 1579
4045 1579
4046 1579
4047 1580
4048 1580
4049 1579
4050 1579
4051 1594
4052 1594
4053 1581
4054 1555
4055 1561
4056 1561
4057 1552
4058 1726
4059 1722
4060 1563
4061 1560
4062 1563
4063 1722
4064 1721
4065 1721
4066 1721
4067 1721
4068 1721
4069 1578
4070 1692
4071 1692
4072 1692
4073 1578
4074 1578
4075 1692
4076 1578
4077 1578
4078 1578
4079 1578
4080 1578
4081 1555
4082 1554
4083 1558
4084 1587
4085 1560
4086 1727
4087 1554
4088 1727
4089 1563
4090 1584
4091 1583
4092 1583
4093 1721
4094 1689
4095 1584
4096 1584
4097 1689
4098 1689
4099 1557
4100 1557
4101 1557
4102 1557
4103 1557
4104 1557
4105 1557
4106 1557
4107 1558
4108 1557
4109 1556
4110 1556
4111 1554
4112 1586
4113 1556
4114 1559
4115 1750
4116 1750
4117 1957
4118 1954
4119 1585
4120 1582
4121 1964
4122 1973
4123 1585
4124 1585
4125 1974
4126 1974
4127 1973
4128 1974
4129 1556
4130 1556
4131 1556
4132 1556
4133 1556
4134 1556
4135 1951
4136 1951
4137 1556
4138 1951
4139 1951
4140 1951
4141 1952
4142 1952
4143 1951
4144 1951
4145 1954
4146 1932
4147 1949
4148 1931
4149 1973
4150 1973
4151 1958
4152 1958
4153 1974
4154 1974
4155 1972
4156 1975
4157 1975
4158 1975
4159 1972
4160 1958
4161 1932
4162 1932
4163 1951
4164 1951
4165 1655
4166 1616
4167 1740
4168 1666
4169 1618
4170 1618
4171 1622
4172 1621
4173 1738
4174 1700
4175 1706
4176 1660
4177 1910
4178 1660
4179 1659
4180 1657
4181 1660
4182 1657
4183 1643
4184 1657
4185 1613
4186 1616
4187 1616
4188 1615
4189 1614
4190 1615
4191 1738
4192 1752
4193 1617
4194 1752
4195 1700
4196 1701
4197 1752
4198 1701
4199 1660
4200 1643
4201 1702
4202 1623
4203 1643
4204 1623
4205 1623
4206 1624
4207 1624
4208 1624
4209 1702
4210 1911
4211 1624
4212 1911
4213 1752
4214 1576
4215 1912
4216 1912
4217 1617
4218 1577
4219 1576
4220 1577
4221 1914
4222 1914
4223 1568
4224 1568
4225 1597
4226 1597
4227 1571
4228 1571
4229 1568
4230 1570
4231 1730
4232 1730
4233 1601
4234 1600
4235 1624
4236 1603
4237 1605
4238 1605
4239 1604
4240 1604
4241 1605
4242 1688
4243 1688
4244 1688
4245 1600
4246 1685
4247 1688
4248 1685
4249 1601
4250 1601
4251 1599
4252 1602
4253 1569
4254 1569
4255 1549
4256 1546
4257 1692
4258 1550
4259 1546
4260 1547
4261 1557
4262 1551
4263 1602
4264 1591
4265 1547
4266 1548
4267 1685
4268 1686
4269 1591
4270 1590
4271 1688
4272 1687
4273 1686
4274 1687
4275 1687
4276 1687
4277 1551
4278 1693
4279 1693
4280 1693
4281 1548
4282 1741
4283 1948
4284 1741
4285 1686
4286 1980
4287 1592
4288 1589
4289 1687
4290 1690
4291 1976
4292 1978
4293 1978
4294 1978
4295 1693
4296 1946
4297 1946
4298 1946
4299 1741
4300 1971
4301 1946
4302 1971
4303 1968
4304 1977
4305 1965
4306 1968
4307 1978
4308 1978
4309 1942
4310 1942
4311 1975
4312 1942
4313 1946
4314 2874
4315 2874
4316 2874
4317 1971
4318 1921
4319 2874
4320 1918
4321 1939
4322 1939
4323 1960
4324 1940
4325 1942
4326 1941
4327 1941
4328 1941
4329 1937
4330 1937
4331 1941
4332 1937
4333 1936
4334 1935
4335 1935
4336 1935
4337 2243
4338 2243
4339 1935
4340 2286
4341 1925
4342 1926
4343 2242
4344 1926
4345 1923
4346 1923
4347 1924
4348 1924
4349 1923
4350 1923
4351 1924
4352 1924
4353 1923
4354 1923
4355 1924
4356 1924
4357 2874
4358 1923
4359 1923
4360 1923
4361 2874
4362 1923
4363 1923
4364 1923
4365 1919
4366 1919
4367 1923
4368 1923
4369 2244
4370 2106
4371 2108
4372 2108
4373 2032
4374 2032
4375 2087
4376 2087
4377 2026
4378 2016
4379 2097
4380 2017
4381 2023
4382 2022
4383 2024
4384 2024
4385 2024
4386 2022
4387 2022
4388 2023
4389 2112
4390 2112
4391 1969
4392 1922
4393 2112
4394 1922
4395 1935
4396 2088
4397 2099
4398 2103
4399 1924
4400 2022
4401 2023
4402 1924
4403 1940
4404 1943
4405 2108
4406 1941
4407 2018
4408 2109
4409 2112
4410 1924
4411 2059
4412 1938
4413 2023
4414 1924
4415 1922
4416 1923
4417 1919
4418 1922
4419 1969
4420 1961
4421 2199
4422 2171
4423 2064
4424 2063
4425 2063
4426 2697
4427 2697
4428 2278
4429 2772
4430 2054
4431 1981
4432 1990
4433 2115
4434 2712
4435 2710
4436 2723
4437 2723
4438 2723
4439 2710
4440 2710
4441 2704
4442 2250
4443 2212
4444 2221
4445 2287
4446 2224
4447 2024
4448 2253
4449 2710
4450 2252
4451 2208
4452 2211
4453 2192
4454 2060
4455 2704
4456 2024
4457 2143
4458 2031
4459 2252
4460 2022
4461 2081
4462 2284
4463 2069
4464 2073
4465 2084
4466 2284
4467 2230
4468 2226
4469 2007
4470 2093
4471 1986
4472 1988
4473 2276
4474 2510
4475 2588
4476 2633
4477 2643
4478 2677
4479 2677
4480 2669
4481 2487
4482 2378
4483 2388
4484 2186
4485 2181
4486 2181
4487 2765
4488 2766
4489 2745
4490 2746
4491 2746
4492 2753
4493 2766
4494 2762
4495 2368
4496 2274
4497 2125
4498 2125
4499 2623
4500 2643
4501 2627
4502 2597
4503 1996
4504 2259
4505 2270
4506 2000
4507 2379
4508 2268
4509 2706
4510 2761
4511 2162
4512 1992
4513 2769
4514 2737
4515 2745
4516 2729
4517 2494
4518 2062
4519 2746
4520 2729
4521 2619
4522 2612
4523 2753
4524 2723
4525 1862
4526 1822
4527 4741
4528 4741
4529 5365
4530 5365
4531 4741
4532 4862
4533 4862
4534 4862
4535 5365
4536 4866
4537 4866
4538 4865
4539 5010
4540 4851
4541 4850
4542 4794
4543 4850
4544 4881
4545 6282
4546 6282
4547 1429
4548 2819
4549 2819
4550 627
4551 2819
4552 627
4553 626
4554 626
4555 627
4556 1310
4557 1311
4558 788
4559 788
4560 1310
4561 1314
4562 1314
4563 1315
4564 788
4565 1310
4566 788
4567 626
4568 1376
4569 1682
4570 1377
4571 1376
4572 1377
4573 1391
4574 1391
4575 1391
4576 1390
4577 1390
4578 1390
4579 1390
4580 1390
4581 1390
4582 1389
4583 1389
4584 1389
4585 1389
4586 1904
4587 1904
4588 1258
4589 1260
4590 5325
4591 5342
4592 5322
4593 5322
4594 5324
4595 5336
4596 5292
4597 5291
4598 5290
4599 5293
4600 5293
4601 4124
4602 208
4603 213
4604 223
4605 209
4606 3665
4607 152
4608 153
4609 152
4610 3725
4611 3724
4612 3724
4613 3768
4614 3796
4615 212
4616 300
4617 212
4618 298
4619 298
4620 298
4621 3810
4622 3810
4623 334
4624 257
4625 423
4626 301
4627 257
4628 207
4629 206
4630 206
4631 206
4632 3720
4633 3718
4634 3719
4635 3719
4636 151
4637 151
4638 460
4639 3918
4640 302
4641 460
4642 4741
4643 4978
4644 4916
4645 4977
4646 4978
4647 4978
4648 4873
4649 4917
4650 4915
4651 4916
4652 4915
4653 4918
4654 4918
4655 4872
4656 5335
4657 6282
4658 6283
4659 5011
4660 4850
4661 5011
4662 6283
4663 5010
4664 5010
4665 5365
4666 4741
4667 4791
4668 4277
4669 4791
4670 4791
4671 1861
4672 3010
4673 3010
4674 1861
4675 1881
4676 3011
4677 3011
4678 1881
4679 2893
4680 635
4681 1399
4682 1341
4683 1407
4684 1408
4685 1408
4686 1408
4687 1405
4688 1405
4689 1405
4690 627
4691 789
4692 789
4693 789
4694 789
4695 2899
4696 1904
4697 1904
4698 1904
4699 1904
4700 636
4701 635
4702 635
4703 1830
4704 1830
4705 1830
4706 1874
4707 1831
4708 1831
4709 1831
4710 1875
4711 1831
4712 1850
4713 1882
4714 2989
4715 2897
4716 1400
4717 1443
4718 1860
4719 1400
4720 1443
4721 1443
4722 1443
4723 1442
4724 1439
4725 1440
4726 1442
4727 1442
4728 1445
4729 1440
4730 1506
4731 1445
4732 1445
4733 1444
4734 1444
4735 1444
4736 1444
4737 1399
4738 1444
4739 1399
4740 1399
4741 1406
4742 1505
4743 1407
4744 1407
4745 1505
4746 1505
4747 1505
4748 2821
4749 2897
4750 2822
4751 2822
4752 1506
4753 2822
4754 2822
4755 2822
4756 1406
4757 1406
4758 1406
4759 1406
4760 2821
4761 2821
4762 2821
4763 2821
4764 1542
4765 2822
4766 1542
4767 1542
4768 1904
4769 1904
4770 1541
4771 1904
4772 1542
4773 1541
4774 1541
4775 1541
4776 1311
4777 1311
4778 1311
4779 789
4780 1315
4781 1315
4782 1315
4783 1315
4784 1379
4785 1379
4786 1379
4787 1379
4788 1378
4789 1378
4790 1394
4791 1394
4792 1393
4793 1393
4794 1393
4795 1393
4796 1389
4797 1389
4798 1389
4799 1389
4800 1393
4801 1393
4802 1393
4803 1393
4804 1394
4805 1394
4806 1394
4807 1377
4808 1376
4809 1379
4810 1376
4811 1376
4812 1679
4813 1314
4814 1314
4815 1310
4816 1260
4817 1260
4818 1260
4819 786
4820 1413
4821 786
4822 787
4823 792
4824 787
4825 2820
4826 2820
4827 2820
4828 627
4829 1412
4830 1409
4831 1411
4832 779
4833 787
4834 791
4835 1281
4836 1281
4837 778
4838 779
4839 4882
4840 4281
4841 4854
4842 4281
4843 4281
4844 4117
4845 4117
4846 4117
4847 4117
4848 4116
4849 4116
4850 4116
4851 4116
4852 4115
4853 4116
4854 4116
4855 4116
4856 4115
4857 4116
4858 4871
4859 4871
4860 4868
4861 4870
4862 4855
4863 4855
4864 4856
4865 4856
4866 4886
4867 4717
4868 4717
4869 4886
4870 4744
4871 4744
4872 4886
4873 4887
4874 5365
4875 4744
4876 4862
4877 4862
4878 4862
4879 4862
4880 4863
4881 4863
4882 4860
4883 4863
4884 4863
4885 4863
4886 4862
4887 4862
4888 4862
4889 4862
4890 4862
4891 4861
4892 4861
4893 4861
4894 4866
4895 4867
4896 4867
4897 4852
4898 4849
4899 4852
4900 4849
4901 4849
4902 4790
4903 4795
4904 4790
4905 4790
4906 5145
4907 5145
4908 5145
4909 5145
4910 5144
4911 5147
4912 5147
4913 5147
4914 5147
4915 5147
4916 5218
4917 5147
4918 4860
4919 4861
4920 4861
4921 4861
4922 5189
4923 5189
4924 4860
4925 4860
4926 4857
4927 4858
4928 4857
4929 5206
4930 5143
4931 4869
4932 4868
4933 4868
4934 5145
4935 5145
4936 5145
4937 5145
4938 4114
4939 4114
4940 4114
4941 4114
4942 4115
4943 4115
4944 5144
4945 4115
4946 4115
4947 4114
4948 5144
4949 4115
4950 4114
4951 4114
4952 4114
4953 4114
4954 4791
4955 4790
4956 4790
4957 4276
4958 4850
4959 4851
4960 4849
4961 4795
4962 4866
4963 4866
4964 4866
4965 4865
4966 4862
4967 4862
4968 4862
4969 4862
4970 5365
4971 5365
4972 4862
4973 4862
4974 4744
4975 4744
4976 4741
4977 4741
4978 4886
4979 1413
4980 5144
4981 5144
4982 5143
4983 4115
4984 5107
4985 5106
4986 5106
4987 5147
4988 5105
4989 5142
4990 5106
4991 5105
4992 5140
4993 5141
4994 5204
4995 5101
4996 5146
4997 5146
4998 5146
4999 5146
5000 5185
5001 5146
5002 5185
5003 5185
5004 5148
5005 5148
5006 5148
5007 5149
5008 5151
5009 5151
5010 4852
5011 4852
5012 4867
5013 4867
5014 4867
5015 4867
5016 4862
5017 4862
5018 4866
5019 4866
5020 4861
5021 4861
5022 4861
5023 4861
5024 1389
5025 1393
5026 1393
5027 1393
5028 1389
5029 1389
5030 1393
5031 1393
5032 1904
5033 1904
5034 1904
5035 1904
5036 2898
5037 5365
5038 5010
5039 5365
5040 1392
5041 1392
5042 1392
5043 1392
5044 5365
5045 5365
5046 5365
5047 5365
5048 5188
5049 4861
5050 4861
5051 4861
5052 5188
5053 5189
5054 5186
5055 5186
5056 5188
5057 5188
5058 5188
5059 5188
5060 5187
5061 5174
5062 5172
5063 5174
5064 5205
5065 5205
5066 5112
5067 5205
5068 5092
5069 5092
5070 5094
5071 5092
5072 5094
5073 5073
5074 5073
5075 5073
5076 5074
5077 5074
5078 5074
5079 5074
5080 5190
5081 5190
5082 5159
5083 5190
5084 5159
5085 5158
5086 5158
5087 5158
5088 5052
5089 5052
5090 5435
5091 5435
5092 5435
5093 5435
5094 5435
5095 5435
5096 5434
5097 5435
5098 5433
5099 5433
5100 5433
5101 5433
5102 5433
5103 5433
5104 5436
5105 5425
5106 5425
5107 5419
5108 5416
5109 5416
5110 5415
5111 5415
5112 5118
5113 5118
5114 5121
5115 5220
5116 5121
5117 5132
5118 5132
5119 5133
5120 5085
5121 5044
5122 5376
5123 5044
5124 5041
5125 5211
5126 5211
5127 5211
5128 5161
5129 5161
5130 5160
5131 5161
5132 5160
5133 5028
5134 5028
5135 5160
5136 5028
5137 5025
5138 5025
5139 5025
5140 5412
5141 5412
5142 5412
5143 5412
5144 5412
5145 5413
5146 5412
5147 5412
5148 5026
5149 5027
5150 5026
5151 5026
5152 5026
5153 5411
5154 5411
5155 5055
5156 5418
5157 5418
5158 5418
5159 5418
5160 5218
5161 5220
5162 5220
5163 5220
5164 5133
5165 5134
5166 5133
5167 5133
5168 5220
5169 5220
5170 5134
5171 5220
5172 5115
5173 5220
5174 5134
5175 5115
5176 5104
5177 5115
5178 5114
5179 5114
5180 5102
5181 5102
5182 5153
5183 5152
5184 5133
5185 5133
5186 5134
5187 5133
5188 5116
5189 5133
5190 5036
5191 5036
5192 5117
5193 5036
5194 5035
5195 5035
5196 5194
5197 5194
5198 5192
5199 5131
5200 5215
5201 5137
5202 5216
5203 5215
5204 5205
5205 5205
5206 5361
5207 5205
5208 5188
5209 5188
5210 5188
5211 5188
5212 5172
5213 5361
5214 5205
5215 5172
5216 5172
5217 5172
5218 5175
5219 5175
5220 5205
5221 5205
5222 5205
5223 5112
5224 5093
5225 5113
5226 5113
5227 5113
5228 5099
5229 5093
5230 5113
5231 5099
5232 5077
5233 5193
5234 5193
5235 5034
5236 5076
5237 5034
5238 5033
5239 5377
5240 5377
5241 5377
5242 5033
5243 5377
5244 5043
5245 5043
5246 5213
5247 5043
5248 5044
5249 5043
5250 5213
5251 5044
5252 5041
5253 5041
5254 5041
5255 5211
5256 5041
5257 5041
5258 5041
5259 5041
5260 5042
5261 5042
5262 5042
5263 5042
5264 5062
5265 5063
5266 5063
5267 5063
5268 5197
5269 5077
5270 5062
5271 5197
5272 5079
5273 5080
5274 5078
5275 5079
5276 5094
5277 5094
5278 5094
5279 5094
5280 5092
5281 5093
5282 5094
5283 5094
5284 5050
5285 5050
5286 5161
5287 5047
5288 5050
5289 5050
5290 5047
5291 5050
5292 5050
5293 5050
5294 5047
5295 5050
5296 5049
5297 5049
5298 5048
5299 5064
5300 5065
5301 5065
5302 5021
5303 5198
5304 5032
5305 5032
5306 5032
5307 5031
5308 6334
5309 5191
5310 5191
5311 5073
5312 5073
5313 5073
5314 5073
5315 5073
5316 5191
5317 5191
5318 5191
5319 5190
5320 5030
5321 5190
5322 5190
5323 5030
5324 5053
5325 5030
5326 5030
5327 5030
5328 5023
5329 5021
5330 5021
5331 5022
5332 5027
5333 5022
5334 5048
5335 5027
5336 5027
5337 5047
5338 5047
5339 5047
5340 5027
5341 5047
5342 5047
5343 5160
5344 5028
5345 5160
5346 5160
5347 5160
5348 5028
5349 5028
5350 5025
5351 5025
5352 5028
5353 5028
5354 5028
5355 5025
5356 5025
5357 5025
5358 5025
5359 5025
5360 5026
5361 5027
5362 5025
5363 5025
5364 5412
5365 5025
5366 5025
5367 5412
5368 5411
5369 5411
5370 5411
5371 5411
5372 5056
5373 5024
5374 5023
5375 5023
5376 5055
5377 5056
5378 5056
5379 5056
5380 5196
5381 5029
5382 5029
5383 5195
5384 5191
5385 5031
5386 5031
5387 5191
5388 5378
5389 5378
5390 5378
5391 6334
5392 5080
5393 5099
5394 5098
5395 5098
5396 5096
5397 5202
5398 5202
5399 5130
5400 5186
5401 5186
5402 5186
5403 5175
5404 5139
5405 5138
5406 5138
5407 4715
5408 4715
5409 4715
5410 4716
5411 4714
5412 4744
5413 4744
5414 4863
5415 4744
5416 5196
5417 5196
5418 5024
5419 5196
5420 5219
5421 5414
5422 5414
5423 5414
5424 5052
5425 5053
5426 5054
5427 5051
5428 5436
5429 5051
5430 5051
5431 5436
5432 5159
5433 5190
5434 5053
5435 5159
5436 5159
5437 5052
5438 5052
5439 5052
5440 5053
5441 5053
5442 5053
5443 5053
5444 5052
5445 5052
5446 5052
5447 5052
5448 5052
5449 5052
5450 5052
5451 5052
5452 5435
5453 5435
5454 5435
5455 5435
5456 5435
5457 5435
5458 5435
5459 5435
5460 626
5461 627
5462 626
5463 626
5464 1389
5465 1259
5466 1389
5467 1389
5468 1259
5469 1389
5470 1388
5471 1388
5472 1259
5473 1388
5474 1388
5475 1388
5476 1414
5477 1233
5478 1233
5479 1232
5480 790
5481 1385
5482 1385
5483 1381
5484 1396
5485 1397
5486 1397
5487 1398
5488 1396
5489 629
5490 628
5491 628
5492 5188
5493 5188
5494 5188
5495 5187
5496 5183
5497 5183
5498 5188
5499 5183
5500 5151
5501 5181
5502 5178
5503 5180
5504 5108
5505 5149
5506 5109
5507 5109
5508 5176
5509 5176
5510 5176
5511 5176
5512 5119
5513 5177
5514 5122
5515 5119
5516 5123
5517 5123
5518 5110
5519 5110
5520 5088
5521 5209
5522 5180
5523 5166
5524 5174
5525 5174
5526 5187
5527 5174
5528 5174
5529 5174
5530 5187
5531 5174
5532 5205
5533 5205
5534 5205
5535 5112
5536 5127
5537 5128
5538 5126
5539 5126
5540 5091
5541 5090
5542 5371
5543 5171
5544 5083
5545 5124
5546 5135
5547 5083
5548 5163
5549 5125
5550 5082
5551 5082
5552 5376
5553 5085
5554 5085
5555 5376
5556 5045
5557 5084
5558 5086
5559 5086
5560 5170
5561 5221
5562 5170
5563 5169
5564 5092
5565 5112
5566 5092
5567 5092
5568 5092
5569 5092
5570 5092
5571 5112
5572 5211
5573 5375
5574 5211
5575 5211
5576 5038
5577 5037
5578 5066
5579 5045
5580 5199
5581 5373
5582 5373
5583 5374
5584 5095
5585 5072
5586 5095
5587 5095
5588 5073
5589 5095
5590 5095
5591 5073
5592 5074
5593 5074
5594 5074
5595 5074
5596 5075
5597 5074
5598 5074
5599 5074
5600 5070
5601 5071
5602 5071
5603 5071
5604 5040
5605 5040
5606 5039
5607 5040
5608 5161
5609 5161
5610 5067
5611 5160
5612 5028
5613 5160
5614 5028
5615 5028
5616 5018
5617 5015
5618 5015
5619 5016
5620 5156
5621 5155
5622 5155
5623 5155
5624 5154
5625 5061
5626 5069
5627 5068
5628 5159
5629 5155
5630 5155
5631 5155
5632 5025
5633 5025
5634 5162
5635 5162
5636 5407
5637 5407
5638 5018
5639 5210
5640 5058
5641 5058
5642 5061
5643 5441
5644 5158
5645 5437
5646 5156
5647 5158
5648 5158
5649 5158
5650 5159
5651 5158
5652 5434
5653 5434
5654 5435
5655 5434
5656 5438
5657 5438
5658 5434
5659 5438
5660 5438
5661 5438
5662 5438
5663 5438
5664 5429
5665 5439
5666 5429
5667 5426
5668 5408
5669 5432
5670 5408
5671 5408
5672 6335
5673 5409
5674 5409
5675 6335
5676 6335
5677 6335
5678 6335
5679 6335
5680 5413
5681 5413
5682 5413
5683 5413
5684 5413
5685 5413
5686 5413
5687 5410
5688 5417
5689 5418
5690 5410
5691 5417
5692 5415
5693 5415
5694 5392
5695 5392
5696 5419
5697 5395
5698 5419
5699 5419
5700 5433
5701 5433
5702 5399
5703 5433
5704 5434
5705 5434
5706 5434
5707 5434
5708 5433
5709 5433
5710 5399
5711 5434
5712 5385
5713 5385
5714 5384
5715 5385
5716 5399
5717 5399
5718 5396
5719 5396
5720 5392
5721 5390
5722 5393
5723 5393
5724 5428
5725 5400
5726 5406
5727 5422
5728 5385
5729 5384
5730 5384
5731 5385
5732 5420
5733 5394
5734 5704
5735 5420
5736 5398
5737 5398
5738 5397
5739 5398
5740 5379
5741 5381
5742 5381
5743 5382
5744 5387
5745 5387
5746 5384
5747 5387
5748 5399
5749 5399
5750 5396
5751 5399
5752 5398
5753 5398
5754 5440
5755 5402
5756 5385
5757 5385
5758 5384
5759 5385
5760 5391
5761 5387
5762 5391
5763 5391
5764 5398
5765 5397
5766 5397
5767 5397
5768 5401
5769 5402
5770 5402
5771 5402
5772 5573
5773 5483
5774 5485
5775 5483
5776 5549
5777 5548
5778 5718
5779 5745
5780 5573
5781 5484
5782 5485
5783 5483
5784 5521
5785 5745
5786 5718
5787 5548
5788 5573
5789 5483
5790 5484
5791 5483
5792 5568
5793 5495
5794 5745
5795 5495
5796 5570
5797 5481
5798 5482
5799 5480
5800 5568
5801 5520
5802 5492
5803 5568
5804 5572
5805 5479
5806 5478
5807 5560
5808 5405
5809 5567
5810 5667
5811 5669
5812 5565
5813 5559
5814 5477
5815 5475
5816 5431
5817 5702
5818 5643
5819 5691
5820 5550
5821 5486
5822 5582
5823 5548
5824 5573
5825 5534
5826 5484
5827 5483
5828 5521
5829 5745
5830 5718
5831 5745
5832 5545
5833 6074
5834 6084
5835 6074
5836 5712
5837 6164
5838 6171
5839 6171
5840 5545
5841 6056
5842 6063
5843 6074
5844 5712
5845 6171
5846 6183
5847 6171
5848 5545
5849 6074
5850 6071
5851 6074
5852 5710
5853 6164
5854 6204
5855 6163
5856 5542
5857 5654
5858 6073
5859 5524
5860 5449
5861 5576
5862 6162
5863 5451
5864 5604
5865 5524
5866 5525
5867 5634
5868 5555
5869 5445
5870 5505
5871 5503
5872 5660
5873 5465
5874 5463
5875 5459
5876 5612
5877 5510
5878 5598
5879 5513
5880 5684
5881 5674
5882 5611
5883 5685
5884 6234
5885 6237
5886 5649
5887 6232
5888 5714
5889 5748
5890 6167
5891 5711
5892 1716
5893 1678
5894 1677
5895 1707
5896 1678
5897 1678
5898 1678
5899 1678
5900 1673
5901 1675
5902 1675
5903 1675
5904 1674
5905 1674
5906 1673
5907 1398
5908 1672
5909 1734
5910 1384
5911 1672
5912 1668
5913 1231
5914 1231
5915 1234
5916 1718
5917 1234
5918 1387
5919 1387
5920 1718
5921 1387
5922 1387
5923 1387
5924 1719
5925 1390
5926 1390
5927 1390
5928 1719
5929 1390
5930 1390
5931 1390
5932 1719
5933 1719
5934 1390
5935 1719
5936 1714
5937 1719
5938 1392
5939 1714
5940 1709
5941 1709
5942 1709
5943 1709
5944 1681
5945 1710
5946 1682
5947 1682
5948 1680
5949 1639
5950 1639
5951 1680
5952 1711
5953 1739
5954 1713
5955 1713
5956 1656
5957 1641
5958 1641
5959 1641
5960 1653
5961 1652
5962 1651
5963 1654
5964 1651
5965 1651
5966 1694
5967 1654
5968 1694
5969 1694
5970 1614
5971 1695
5972 1614
5973 1573
5974 1915
5975 1915
5976 1691
5977 1691
5978 1691
5979 1691
5980 1692
5981 1692
5982 1692
5983 1692
5984 1557
5985 1557
5986 1557
5987 1557
5988 1556
5989 1556
5990 1556
5991 1556
5992 1951
5993 1951
5994 1946
5995 1946
5996 2874
5997 2874
5998 2874
5999 2874
6000 2874
6001 2874
6002 2874
6003 2874
6004 2874
6005 2874
6006 2874
6007 2874
6008 1950
6009 1950
6010 1950
6011 2874
6012 2874
6013 1951
6014 1951
6015 1951
6016 1698
6017 1697
6018 1697
6019 1715
6020 1705
6021 1706
6022 1705
6023 1705
6024 1706
6025 1706
6026 1703
6027 1706
6028 1736
6029 1657
6030 1643
6031 1736
6032 1623
6033 1623
6034 1624
6035 1623
6036 1606
6037 1606
6038 1606
6039 1606
6040 1605
6041 1605
6042 1688
6043 1605
6044 1688
6045 1689
6046 1689
6047 1689
6048 1690
6049 1690
6050 1690
6051 1690
6052 1974
6053 1978
6054 1975
6055 1974
6056 1972
6057 1936
6058 1936
6059 1972
6060 1936
6061 1959
6062 1959
6063 1959
6064 1956
6065 1931
6066 1956
6067 1949
6068 2874
6069 1923
6070 1923
6071 2874
6072 1649
6073 1708
6074 1749
6075 1749
6076 1748
6077 1751
6078 1749
6079 1749
6080 1748
6081 1751
6082 1748
6083 1748
6084 1635
6085 1648
6086 1636
6087 1638
6088 1714
6089 1715
6090 1714
6091 1714
6092 1720
6093 1720
6094 1720
6095 1719
6096 1720
6097 1705
6098 1720
6099 1719
6100 1717
6101 1717
6102 1717
6103 1704
6104 1717
6105 1717
6106 1717
6107 1704
6108 1746
6109 1670
6110 1717
6111 1746
6112 1632
6113 1667
6114 1745
6115 1745
6116 1633
6117 1633
6118 1683
6119 1634
6120 1736
6121 1658
6122 1736
6123 1643
6124 1900
6125 1736
6126 1736
6127 1736
6128 1900
6129 1736
6130 1644
6131 1732
6132 1662
6133 1662
6134 1630
6135 1661
6136 1725
6137 1725
6138 1725
6139 1723
6140 1647
6141 1647
6142 1646
6143 1565
6144 1664
6145 1664
6146 1664
6147 1665
6148 1650
6149 1650
6150 1664
6151 1650
6152 1650
6153 1650
6154 1650
6155 1650
6156 1663
6157 1663
6158 1663
6159 1663
6160 1574
6161 1744
6162 1744
6163 1744
6164 1573
6165 1695
6166 1744
6167 1573
6168 1916
6169 1744
6170 1744
6171 1564
6172 1608
6173 1567
6174 1567
6175 1724
6176 1610
6177 1724
6178 1629
6179 1629
6180 1917
6181 1628
6182 1628
6183 1628
6184 1625
6185 1626
6186 1626
6187 1626
6188 1625
6189 1623
6190 1623
6191 1623
6192 2873
6193 1625
6194 1606
6195 2873
6196 1612
6197 1917
6198 2873
6199 1612
6200 1728
6201 1610
6202 1609
6203 1609
6204 1606
6205 1606
6206 1625
6207 1606
6208 1596
6209 1607
6210 1593
6211 1593
6212 1575
6213 1916
6214 1575
6215 1575
6216 1915
6217 1572
6218 1742
6219 1742
6220 1572
6221 1572
6222 1915
6223 1572
6224 1573
6225 1572
6226 1572
6227 1572
6228 1579
6229 1579
6230 1579
6231 1579
6232 1579
6233 1579
6234 1572
6235 1579
6236 1579
6237 1579
6238 1579
6239 1579
6240 1595
6241 1580
6242 1595
6243 1594
6244 1729
6245 1729
6246 1729
6247 1561
6248 1563
6249 1562
6250 1562
6251 1562
6252 1721
6253 1722
6254 1722
6255 1722
6256 1721
6257 1722
6258 1605
6259 1605
6260 1692
6261 1692
6262 1692
6263 1692
6264 1578
6265 1578
6266 1578
6267 1579
6268 1578
6269 1578
6270 1578
6271 1578
6272 1555
6273 1581
6274 1578
6275 1581
6276 1726
6277 1553
6278 1552
6279 1726
6280 1584
6281 1583
6282 1560
6283 1560
6284 1689
6285 1584
6286 1584
6287 1721
6288 1689
6289 1689
6290 1721
6291 1689
6292 1557
6293 1557
6294 1557
6295 1557
6296 1557
6297 1557
6298 1557
6299 1557
6300 1557
6301 1557
6302 1557
6303 1557
6304 1559
6305 1556
6306 1558
6307 1558
6308 1953
6309 1588
6310 1588
6311 1553
6312 1582
6313 1582
6314 1750
6315 1582
6316 1690
6317 1690
6318 1690
6319 1690
6320 1585
6321 1585
6322 1585
6323 1585
6324 1556
6325 1556
6326 1556
6327 1556
6328 1556
6329 1556
6330 1556
6331 1556
6332 1556
6333 1556
6334 1556
6335 1556
6336 1951
6337 1951
6338 1951
6339 1556
6340 1954
6341 1955
6342 1957
6343 1955
6344 1973
6345 1958
6346 1964
6347 1964
6348 1974
6349 1973
6350 1973
6351 1974
6352 1974
6353 1974
6354 1974
6355 1974
6356 1972
6357 1972
6358 1972
6359 1972
6360 1958
6361 1958
6362 1958
6363 1958
6364 1929
6365 1934
6366 1929
6367 1928
6368 1951
6369 1951
6370 1951
6371 1951
6372 1951
6373 1951
6374 1951
6375 1951
6376 1666
6377 1666
6378 1655
6379 1666
6380 1620
6381 1619
6382 1620
6383 1620
6384 1696
6385 1909
6386 1910
6387 1659
6388 1659
6389 1659
6390 1660
6391 1659
6392 1658
6393 1657
6394 1657
6395 1658
6396 1654
6397 1654
6398 1613
6399 1655
6400 1615
6401 1616
6402 1614
6403 1615
6404 1618
6405 1617
6406 1617
6407 1618
6408 1738
6409 1738
6410 1701
6411 1700
6412 1699
6413 1699
6414 1699
6415 1699
6416 1643
6417 1643
6418 1643
6419 1657
6420 1623
6421 1623
6422 1623
6423 1624
6424 1624
6425 1623
6426 1702
6427 1911
6428 1912
6429 1912
6430 1701
6431 1912
6432 1577
6433 1576
6434 1617
6435 1577
6436 1914
6437 1914
6438 1615
6439 1915
6440 1597
6441 1742
6442 1742
6443 1597
6444 1571
6445 1571
6446 1568
6447 1571
6448 1730
6449 1913
6450 1913
6451 1913
6452 1606
6453 1624
6454 1603
6455 1606
6456 1603
6457 1603
6458 1603
6459 1603
6460 1605
6461 1605
6462 1605
6463 1688
6464 1685
6465 1604
6466 1604
6467 1604
6468 1599
6469 1600
6470 1600
6471 1601
6472 1570
6473 1570
6474 1570
6475 1569
6476 1598
6477 1598
6478 1598
6479 1691
6480 1550
6481 1550
6482 1692
6483 1550
6484 1549
6485 1549
6486 1546
6487 1548
6488 1599
6489 1599
6490 1602
6491 1590
6492 1688
6493 1688
6494 1685
6495 1687
6496 1689
6497 1688
6498 1688
6499 1687
6500 1551
6501 1551
6502 1557
6503 1551
6504 1547
6505 1547
6506 1948
6507 1548
6508 1591
6509 1591
6510 1592
6511 1589
6512 1687
6513 1976
6514 1976
6515 1690
6516 1690
6517 1690
6518 1690
6519 1690
6520 1693
6521 1693
6522 1693
6523 1693
6524 1948
6525 1948
6526 1947
6527 1741
6528 1592
6529 1965
6530 1966
6531 1968
6532 1978
6533 1977
6534 1977
6535 1978
6536 1978
6537 1978
6538 1978
6539 1975
6540 1946
6541 1946
6542 1946
6543 1946
6544 1947
6545 1947
6546 1918
6547 1921
6548 1966
6549 1960
6550 1963
6551 1967
6552 1942
6553 1939
6554 1942
6555 1942
6556 1937
6557 1975
6558 1937
6559 1937
6560 1936
6561 1937
6562 1935
6563 1936
6564 1936
6565 1935
6566 1935
6567 2286
6568 1926
6569 1929
6570 2242
6571 1927
6572 1923
6573 1923
6574 1924
6575 1923
6576 1923
6577 1923
6578 1923
6579 1923
6580 1923
6581 1923
6582 1923
6583 1923
6584 2874
6585 1923
6586 1923
6587 2874
6588 2874
6589 2874
6590 1923
6591 2874
6592 2874
6593 2874
6594 1923
6595 1923
6596 2148
6597 2148
6598 2025
6599 2104
6600 1924
6601 2023
6602 2022
6603 2112
6604 1941
6605 1940
6606 1979
6607 1979
6608 2110
6609 2102
6610 2020
6611 2109
6612 1924
6613 1924
6614 2112
6615 1924
6616 1938
6617 1979
6618 2108
6619 1938
6620 1924
6621 2112
6622 2023
6623 2023
6624 1923
6625 1924
6626 1924
6627 1924
6628 1938
6629 2147
6630 2059
6631 2147
6632 1919
6633 1919
6634 1970
6635 1920
6636 1924
6637 2023
6638 2022
6639 2023
6640 1923
6641 1924
6642 1922
6643 1922
6644 1944
6645 1962
6646 1945
6647 1940
6648 2024
6649 2252
6650 2704
6651 2252
6652 2206
6653 2202
6654 2197
6655 2065
6656 2024
6657 2252
6658 2710
6659 2252
6660 2032
6661 2035
6662 2144
6663 2035
6664 2024
6665 2252
6666 2253
6667 2024
6668 2284
6669 2257
6670 2081
6671 2257
6672 2023
6673 2024
6674 2252
6675 2022
6676 2284
6677 2143
6678 2081
6679 2143
6680 2235
6681 2229
6682 2183
6683 2185
6684 2120
6685 2080
6686 2078
6687 2255
6688 2230
6689 2071
6690 2070
6691 2071
6692 2017
6693 2096
6694 2095
6695 1985
6696 2022
6697 1987
6698 2248
6699 2024
6700 2610
6701 2619
6702 2685
6703 2631
6704 2150
6705 2134
6706 2179
6707 1998
6708 2131
6709 2511
6710 2497
6711 2058
6712 2009
6713 2714
6714 2258
6715 1994
6716 2046
6717 2222
6718 2128
6719 2160
6720 2756
6721 2164
6722 2181
6723 2761
6724 2735
6725 2765
6726 2766
6727 2745
6728 2001
6729 2198
6730 2291
6731 2152
6732 2729
6733 2746
6734 2746
6735 2730
6736 2194
6737 2617
6738 2589
6739 2618
6740 2719
6741 2730
6742 2746
6743 2730
6744 2610
6745 2622
6746 2640
6747 2619
6748 2708
6749 2726
6750 2762
6751 2716
6752 1862
6753 1862
6754 1822
6755 1862
6756 1822
6757 4744
6758 4741
6759 4741
6760 4741
6761 5365
6762 5365
6763 5365
6764 4862
6765 4866
6766 5365
6767 5365
6768 4866
6769 4865
6770 4865
6771 4851
6772 4851
6773 4794
6774 4794
6775 4881
6776 6282
6777 1408
6778 1405
6779 2819
6780 627
6781 627
6782 627
6783 627
6784 626
6785 626
6786 1310
6787 1311
6788 1311
6789 788
6790 1315
6791 1310
6792 1314
6793 1314
6794 626
6795 1716
6796 1310
6797 788
6798 1376
6799 1680
6800 1377
6801 1377
6802 1377
6803 1391
6804 1391
6805 1391
6806 1390
6807 1390
6808 1390
6809 1390
6810 1389
6811 1390
6812 1389
6813 1389
6814 1389
6815 1389
6816 1904
6817 1904
6818 1258
6819 1258
6820 5342
6821 5285
6822 6470
6823 5322
6824 5323
6825 5336
6826 5290
6827 6469
6828 5290
6829 5293
6830 4125
6831 208
6832 210
6833 223
6834 224
6835 3665
6836 3663
6837 153
6838 153
6839 3768
6840 3725
6841 3724
6842 3768
6843 3839
6844 3796
6845 210
6846 212
6847 301
6848 300
6849 298
6850 298
6851 3663
6852 3810
6853 284
6854 334
6855 257
6856 423
6857 305
6858 301
6859 206
6860 207
6861 209
6862 206
6863 3718
6864 3723
6865 151
6866 285
6867 460
6868 3918
6869 3814
6870 302
6871 4741
6872 4978
6873 4917
6874 4977
6875 4917
6876 4978
6877 4880
6878 4873
6879 4915
6880 4918
6881 5335
6882 4918
6883 4872
6884 5321
6885 4794
6886 6282
6887 6283
6888 5011
6889 5010
6890 6283
6891 5011
6892 5010
6893 5365
6894 4741
6895 4791
6896 4277
6897 4277
6898 4791
6899 1861
6900 1861
6901 3010
6902 3010
6903 1881
6904 1881
6905 3011
6906 3011
6907 1881
6908 1832
6909 636
6910 1400
6911 1399
6912 1399
6913 1407
6914 1407
6915 1408
6916 1408
6917 789
6918 1406
6919 1405
6920 627
6921 789
6922 789
6923 789
6924 789
6925 1258
6926 2899
6927 1904
6928 1904
6929 1904
6930 1904
6931 1830
6932 636
6933 635
6934 1874
6935 1831
6936 1830
6937 1874
6938 1875
6939 1831
6940 1831
6941 1875
6942 1883
6943 1883
6944 1882
6945 2989
6946 2989
6947 2898
6948 2897
6949 1400
6950 1443
6951 1874
6952 1860
6953 1442
6954 1443
6955 1443
6956 1443
6957 1439
6958 1440
6959 1440
6960 1442
6961 1445
6962 1441
6963 1506
6964 1445
6965 1445
6966 1444
6967 1506
6968 1444
6969 1444
6970 1399
6971 1444
6972 1444
6973 1399
6974 1407
6975 2821
6976 1505
6977 1407
6978 2821
6979 1505
6980 1505
6981 2821
6982 2897
6983 2822
6984 1506
6985 1506
6986 2822
6987 2822
6988 789
6989 1406
6990 1406
6991 1406
6992 2821
6993 2821
6994 2821
6995 2821
6996 1542
6997 2822
6998 1542
6999 1542
7000 1904
7001 1904
7002 1904
7003 1904
7004 1541
7005 1542
7006 1541
7007 1541
7008 1311
7009 1311
7010 1311
7011 789
7012 1315
7013 1315
7014 1315
7015 1315
7016 1379
7017 1379
7018 1379
7019 1378
7020 1394
7021 1378
7022 1378
7023 1394
7024 1393
7025 1393
7026 1393
7027 1393
7028 1389
7029 1389
7030 1389
7031 1389
7032 1393
7033 1393
7034 1393
7035 1391
7036 1391
7037 1394
7038 1394
7039 1377
7040 1376
7041 1378
7042 1379
7043 1376
7044 1679
7045 1680
7046 1314
7047 1310
7048 1260
7049 1259
7050 786
7051 1413
7052 1413
7053 792
7054 792
7055 627
7056 2820
7057 2820
7058 2819
7059 1412
7060 2820
7061 1411
7062 1411
7063 791
7064 791
7065 791
7066 778
7067 4883
7068 4853
7069 4854
7070 4280
7071 4281
7072 4117
7073 4117
7074 4117
7075 4116
7076 4116
7077 4116
7078 4115
7079 4115
7080 4116
7081 4116
7082 4115
7083 4115
7084 4870
7085 4871
7086 4868
7087 4869
7088 4856
7089 4855
7090 4855
7091 4859
7092 4886
7093 4279
7094 4717
7095 4716
7096 4887
7097 4744
7098 4744
7099 4862
7100 4741
7101 4744
7102 4862
7103 4862
7104 4862
7105 4862
7106 4863
7107 4860
7108 4863
7109 4863
7110 4863
7111 4862
7112 4862
7113 4862
7114 4861
7115 4861
7116 4862
7117 4861
7118 4861
7119 4865
7120 4866
7121 4867
7122 4864
7123 4849
7124 4852
7125 4852
7126 4849
7127 4790
7128 4795
7129 4795
7130 5148
7131 5145
7132 4276
7133 5185
7134 5145
7135 5144
7136 5145
7137 5147
7138 5147
7139 5147
7140 5147
7141 5218
7142 5218
7143 4860
7144 4860
7145 4861
7146 4861
7147 4860
7148 5189
7149 5189
7150 4860
7151 5203
7152 4858
7153 4857
7154 5206
7155 5143
7156 5142
7157 4869
7158 4868
7159 5145
7160 5145
7161 5145
7162 5146
7163 4114
7164 4114
7165 4114
7166 4114
7167 4115
7168 4115
7169 5144
7170 5144
7171 4115
7172 4114
7173 5144
7174 5144
7175 4114
7176 4114
7177 4114
7178 4114
7179 4277
7180 4791
7181 4790
7182 4276
7183 4794
7184 4851
7185 4849
7186 4795
7187 4865
7188 4866
7189 4866
7190 4865
7191 4862
7192 4862
7193 4862
7194 4862
7195 4862
7196 5365
7197 4862
7198 4862
7199 4741
7200 4744
7201 5365
7202 4741
7203 4887
7204 1413
7205 1413
7206 4115
7207 5144
7208 5143
7209 4115
7210 5218
7211 5107
7212 5106
7213 5147
7214 5105
7215 5142
7216 5106
7217 5106
7218 5140
7219 5141
7220 5203
7221 5204
7222 5146
7223 5146
7224 5146
7225 5217
7226 5185
7227 5146
7228 5145
7229 5185
7230 5149
7231 5148
7232 5148
7233 5149
7234 4864
7235 5151
7236 4849
7237 4852
7238 4867
7239 4867
7240 4864
7241 4867
7242 4866
7243 4862
7244 4862
7245 4866
7246 4866
7247 4861
7248 4861
7249 4861
7250 1389
7251 1389
7252 1393
7253 1393
7254 1393
7255 1389
7256 1393
7257 1393
7258 1904
7259 1904
7260 1904
7261 1904
7262 2899
7263 2898
7264 1882
7265 5365
7266 6357
7267 5365
7268 1392
7269 1392
7270 1392
7271 1392
7272 5365
7273 5365
7274 4862
7275 5365
7276 5188
7277 4861
7278 4861
7279 4861
7280 5186
7281 5189
7282 5189
7283 5186
7284 5188
7285 5188
7286 5187
7287 5188
7288 5187
7289 5187
7290 5172
7291 5172
7292 5205
7293 5205
7294 5112
7295 5112
7296 5092
7297 5092
7298 5094
7299 5092
7300 5095
7301 5094
7302 5073
7303 5073
7304 5074
7305 5074
7306 5074
7307 5074
7308 5190
7309 5190
7310 5159
7311 5159
7312 5159
7313 5159
7314 5158
7315 5158
7316 5435
7317 5052
7318 5435
7319 5435
7320 5435
7321 5435
7322 5435
7323 5434
7324 5434
7325 5435
7326 5434
7327 5433
7328 5433
7329 5433
7330 5433
7331 5433
7332 5419
7333 5436
7334 5425
7335 5425
7336 5416
7337 5416
7338 5415
7339 5415
7340 5217
7341 5118
7342 5121
7343 5220
7344 5134
7345 5121
7346 5132
7347 5132
7348 5164
7349 5085
7350 5376
7351 5376
7352 5041
7353 5041
7354 5211
7355 5211
7356 5161
7357 5161
7358 5160
7359 5160
7360 5160
7361 5160
7362 5028
7363 5028
7364 5028
7365 5028
7366 5025
7367 5025
7368 5025
7369 5412
7370 5412
7371 5412
7372 5412
7373 5412
7374 5413
7375 5412
7376 5026
7377 5057
7378 5027
7379 5026
7380 5055
7381 5026
7382 5411
7383 5411
7384 5056
7385 5418
7386 5418
7387 5415
7388 5218
7389 5218
7390 5220
7391 5134
7392 5133
7393 5134
7394 5134
7395 5133
7396 5220
7397 5220
7398 5134
7399 5134
7400 5115
7401 5220
7402 5134
7403 5116
7404 5104
7405 5107
7406 5116
7407 5114
7408 6471
7409 5100
7410 5153
7411 5152
7412 5133
7413 5133
7414 5134
7415 5134
7416 5116
7417 5116
7418 5036
7419 5036
7420 5117
7421 5116
7422 5036
7423 5035
7424 5131
7425 5194
7426 5192
7427 5192
7428 5215
7429 5137
7430 5136
7431 5216
7432 5113
7433 5205
7434 5361
7435 5361
7436 5188
7437 5188
7438 5186
7439 5188
7440 5175
7441 5172
7442 5205
7443 5205
7444 5175
7445 5172
7446 5172
7447 5175
7448 5112
7449 5205
7450 5205
7451 5112
7452 5093
7453 5093
7454 5205
7455 5113
7456 5099
7457 5093
7458 5113
7459 5099
7460 5077
7461 5081
7462 5193
7463 5034
7464 5076
7465 5076
7466 5034
7467 5033
7468 5377
7469 5377
7470 5033
7471 5213
7472 5043
7473 5043
7474 5213
7475 5213
7476 5044
7477 5044
7478 5213
7479 5213
7480 5041
7481 5041
7482 5041
7483 5211
7484 5041
7485 5042
7486 5041
7487 5041
7488 5042
7489 5042
7490 5042
7491 5041
7492 5062
7493 5063
7494 5063
7495 5063
7496 5197
7497 5081
7498 5077
7499 5062
7500 5079
7501 5080
7502 5080
7503 5078
7504 5094
7505 5093
7506 5094
7507 6334
7508 5094
7509 5093
7510 5093
7511 5094
7512 5047
7513 5050
7514 5050
7515 5047
7516 5050
7517 5050
7518 5047
7519 5047
7520 5049
7521 5050
7522 5047
7523 5047
7524 5064
7525 5049
7526 5048
7527 5048
7528 5198
7529 5065
7530 5022
7531 5198
7532 5031
7533 5032
7534 5032
7535 5031
7536 5073
7537 6334
7538 5191
7539 5191
7540 5073
7541 5073
7542 5073
7543 5073
7544 5190
7545 5191
7546 5191
7547 5190
7548 5030
7549 5190
7550 5191
7551 5190
7552 5053
7553 5053
7554 5030
7555 5030
7556 5023
7557 5024
7558 5021
7559 5022
7560 5027
7561 5057
7562 5048
7563 5047
7564 5027
7565 5027
7566 5047
7567 5047
7568 5028
7569 5027
7570 5047
7571 5047
7572 5028
7573 5028
7574 5160
7575 5160
7576 5025
7577 5028
7578 5028
7579 5025
7580 5025
7581 5028
7582 5028
7583 5025
7584 5025
7585 5025
7586 5025
7587 5025
7588 5026
7589 5027
7590 5027
7591 5025
7592 5412
7593 5025
7594 5025
7595 5412
7596 5413
7597 5411
7598 5411
7599 5411
7600 5055
7601 5056
7602 5024
7603 5023
7604 5055
7605 5055
7606 5056
7607 5056
7608 5196
7609 5054
7610 5029
7611 5195
7612 6334
7613 5031
7614 5031
7615 5191
7616 6334
7617 5378
7618 5378
7619 6334
7620 5098
7621 5099
7622 5099
7623 5098
7624 5097
7625 5096
7626 5202
7627 5130
7628 5175
7629 5186
7630 5186
7631 5175
7632 5139
7633 5139
7634 5138
7635 4715
7636 4714
7637 4715
7638 4716
7639 4714
7640 4744
7641 4744
7642 4863
7643 4744
7644 4280
7645 5219
7646 5054
7647 5024
7648 5024
7649 5219
7650 5219
7651 5414
7652 5414
7653 5052
7654 5053
7655 5054
7656 5051
7657 5436
7658 5051
7659 5051
7660 5425
7661 5159
7662 5190
7663 5190
7664 5053
7665 5159
7666 5052
7667 5052
7668 5052
7669 5053
7670 5052
7671 5053
7672 5053
7673 5052
7674 5052
7675 5052
7676 5052
7677 5435
7678 5052
7679 5052
7680 5052
7681 5435
7682 5435
7683 5435
7684 5436
7685 5435
7686 5435
7687 5052
7688 5435
7689 626
7690 627
7691 627
7692 626
7693 1389
7694 1259
7695 1259
7696 1389
7697 1259
7698 1259
7699 1388
7700 1388
7701 1259
7702 1259
7703 1388
7704 1388
7705 1414
7706 1414
7707 1233
7708 1232
7709 1380
7710 793
7711 1385
7712 1381
7713 1395
7714 1396
7715 1397
7716 1382
7717 628
7718 1395
7719 629
7720 628
7721 5188
7722 5188
7723 5188
7724 5187
7725 5183
7726 5183
7727 5188
7728 5188
7729 5150
7730 5151
7731 5178
7732 5178
7733 5108
7734 5108
7735 5149
7736 5109
7737 5217
7738 5146
7739 5176
7740 5176
7741 5119
7742 5177
7743 5111
7744 5122
7745 5123
7746 5123
7747 5111
7748 5110
7749 5166
7750 5088
7751 5209
7752 5179
7753 5174
7754 5174
7755 5184
7756 5187
7757 5174
7758 5174
7759 5187
7760 5187
7761 5112
7762 5129
7763 5205
7764 5112
7765 5127
7766 5128
7767 5129
7768 5126
7769 5207
7770 5091
7771 5370
7772 5371
7773 5083
7774 5124
7775 5135
7776 5087
7777 5082
7778 5120
7779 5125
7780 5082
7781 5376
7782 5085
7783 5085
7784 5376
7785 5086
7786 5375
7787 5084
7788 5086
7789 5169
7790 5221
7791 5221
7792 5168
7793 5092
7794 5112
7795 5092
7796 5092
7797 5112
7798 5092
7799 5092
7800 5112
7801 5211
7802 5211
7803 5375
7804 5066
7805 5045
7806 5038
7807 5037
7808 5375
7809 5372
7810 5199
7811 5373
7812 5374
7813 5095
7814 5072
7815 5072
7816 5095
7817 5073
7818 5073
7819 5095
7820 5095
7821 5074
7822 5074
7823 5074
7824 5074
7825 5075
7826 5075
7827 5074
7828 5074
7829 5070
7830 5070
7831 5071
7832 5071
7833 5040
7834 5040
7835 5039
7836 5039
7837 5160
7838 5161
7839 5067
7840 5160
7841 5028
7842 5160
7843 5019
7844 5028
7845 5017
7846 5018
7847 5015
7848 5016
7849 5156
7850 5156
7851 5155
7852 5155
7853 5154
7854 5157
7855 5061
7856 5069
7857 5159
7858 5159
7859 5155
7860 5155
7861 5025
7862 5025
7863 5162
7864 5162
7865 5210
7866 5407
7867 5018
7868 5017
7869 5441
7870 5058
7871 5060
7872 5157
7873 5158
7874 5437
7875 5156
7876 5156
7877 5158
7878 5158
7879 5156
7880 5159
7881 5434
7882 5434
7883 5435
7884 5434
7885 5438
7886 5438
7887 5434
7888 5401
7889 5438
7890 5438
7891 5438
7892 5439
7893 5426
7894 5439
7895 5439
7896 5426
7897 5408
7898 5432
7899 5432
7900 5379
7901 6335
7902 5409
7903 5409
7904 6335
7905 6335
7906 5409
7907 6335
7908 6335
7909 5413
7910 5413
7911 6335
7912 5413
7913 5410
7914 5413
7915 5413
7916 5410
7917 5417
7918 5415
7919 5418
7920 5410
7921 5416
7922 5415
7923 5392
7924 5392
7925 5419
7926 5395
7927 5395
7928 5419
7929 5433
7930 5433
7931 5399
7932 5399
7933 5399
7934 5434
7935 5434
7936 5434
7937 5434
7938 5433
7939 5399
7940 5399
7941 5385
7942 5385
7943 5384
7944 5384
7945 5399
7946 5399
7947 5396
7948 5397
7949 5393
7950 5392
7951 5390
7952 5393
7953 5422
7954 5400
7955 5403
7956 5423
7957 5385
7958 5385
7959 5384
7960 5384
7961 5420
7962 5394
7963 5394
7964 5747
7965 5398
7966 5398
7967 5397
7968 5397
7969 5379
7970 5380
7971 5381
7972 5382
7973 5387
7974 5387
7975 5384
7976 5386
7977 5399
7978 5399
7979 5396
7980 5396
7981 5401
7982 5398
7983 5440
7984 5402
7985 5385
7986 5385
7987 5384
7988 5384
7989 5417
7990 5391
7991 5387
7992 5391
7993 5398
7994 5398
7995 5397
7996 5397
7997 5401
7998 5401
7999 5402
8000 5402
8001 5534
8002 5573
8003 5484
8004 5485
8005 5549
8006 5549
8007 5718
8008 5718
8009 5573
8010 5573
8011 5485
8012 5485
8013 5521
8014 5521
8015 5718
8016 5718
8017 5573
8018 5573
8019 5484
8020 5484
8021 5568
8022 5521
8023 5745
8024 5745
8025 5570
8026 5570
8027 5483
8028 5482
8029 5440
8030 5568
8031 5492
8032 5494
8033 5564
8034 5572
8035 5478
8036 5725
8037 5705
8038 5404
8039 5527
8040 5670
8041 5565
8042 5563
8043 5553
8044 5474
8045 5383
8046 5430
8047 5740
8048 5690
8049 5550
8050 5562
8051 5582
8052 5582
8053 5573
8054 5573
8055 5532
8056 5484
8057 5521
8058 5521
8059 5718
8060 5718
8061 5545
8062 5545
8063 6071
8064 6084
8065 5712
8066 5712
8067 6171
8068 6183
8069 5545
8070 5545
8071 6069
8072 6062
8073 5712
8074 5712
8075 6183
8076 6183
8077 5545
8078 5545
8079 6071
8080 6071
8081 5710
8082 5712
8083 6194
8084 6203
8085 5542
8086 5542
8087 6074
8088 6073
8089 5449
8090 5574
8091 6216
8092 5454
8093 5637
8094 5604
8095 5655
8096 5635
8097 5443
8098 5557
8099 5502
8100 5535
8101 5671
8102 5631
8103 5462
8104 5459
8105 5641
8106 5466
8107 5729
8108 5599
8109 5686
8110 5672
8111 5458
8112 5456
8113 6234
8114 6236
8115 5593
8116 6067
8117 5714
8118 5692
8119 5546
8120 6167
8121 1716
8122 1678
8123 1677
8124 1707
8125 1678
8126 1678
8127 1677
8128 1678
8129 1675
8130 1673
8131 1675
8132 1675
8133 1737
8134 1734
8135 1674
8136 1398
8137 1672
8138 1672
8139 1384
8140 1386
8141 1669
8142 1668
8143 1231
8144 1234
8145 1718
8146 1669
8147 1234
8148 1387
8149 1718
8150 1718
8151 1387
8152 1387
8153 1719
8154 1718
8155 1390
8156 1390
8157 1719
8158 1719
8159 1390
8160 1390
8161 1719
8162 1719
8163 1390
8164 1390
8165 1714
8166 1719
8167 1392
8168 1392
8169 1709
8170 1714
8171 1709
8172 1710
8173 1681
8174 1710
8175 1710
8176 1682
8177 1680
8178 1679
8179 1639
8180 1642
8181 1711
8182 1681
8183 1739
8184 1713
8185 1656
8186 1740
8187 1641
8188 1640
8189 1653
8190 1653
8191 1652
8192 1654
8193 1654
8194 1651
8195 1694
8196 1613
8197 1613
8198 1694
8199 1695
8200 1614
8201 1614
8202 1614
8203 1915
8204 1915
8205 1691
8206 1579
8207 1691
8208 1691
8209 1692
8210 1692
8211 1692
8212 1692
8213 1557
8214 1557
8215 1557
8216 1557
8217 1556
8218 1556
8219 1556
8220 1556
8221 1946
8222 1951
8223 1946
8224 1946
8225 2874
8226 1946
8227 2874
8228 2874
8229 2874
8230 2874
8231 2874
8232 2874
8233 2874
8234 2874
8235 2874
8236 2874
8237 1951
8238 1950
8239 1950
8240 2874
8241 2874
8242 2874
8243 1951
8244 1951
8245 1712
8246 1698
8247 1697
8248 1715
8249 1705
8250 1706
8251 1706
8252 1705
8253 1705
8254 1706
8255 1658
8256 1703
8257 1736
8258 1736
8259 1643
8260 1643
8261 1623
8262 1623
8263 1624
8264 1625
8265 1606
8266 1624
8267 1606
8268 1606
8269 1605
8270 1605
8271 1688
8272 1721
8273 1721
8274 1688
8275 1689
8276 1689
8277 1690
8278 1690
8279 1690
8280 1690
8281 1974
8282 1978
8283 1975
8284 1975
8285 1972
8286 1975
8287 1936
8288 1936
8289 1936
8290 1936
8291 1959
8292 1959
8293 1949
8294 1931
8295 1931
8296 1949
8297 2874
8298 1950
8299 1923
8300 1923
8301 1649
8302 1652
8303 1708
8304 1749
8305 1748
8306 1751
8307 1751
8308 1749
8309 1748
8310 1751
8311 1751
8312 1748
8313 1638
8314 1645
8315 1648
8316 1636
8317 1714
8318 1715
8319 1715
8320 1714
8321 1719
8322 1720
8323 1720
8324 1719
8325 1719
8326 1720
8327 1704
8328 1720
8329 1704
8330 1717
8331 1717
8332 1704
8333 1704
8334 1717
8335 1717
8336 1704
8337 1746
8338 1670
8339 1717
8340 1704
8341 1632
8342 1631
8343 1667
8344 1745
8345 1634
8346 1633
8347 1684
8348 1735
8349 1643
8350 1900
8351 1658
8352 1643
8353 1900
8354 1900
8355 1736
8356 1644
8357 1732
8358 1900
8359 1644
8360 1627
8361 1661
8362 1662
8363 1627
8364 1630
8365 1566
8366 1725
8367 1725
8368 1723
8369 1565
8370 1647
8371 1646
8372 1565
8373 1665
8374 1664
8375 1664
8376 1665
8377 1650
8378 1650
8379 1664
8380 1664
8381 1650
8382 1650
8383 1650
8384 1650
8385 1663
8386 1663
8387 1663
8388 1695
8389 1574
8390 1574
8391 1744
8392 1744
8393 1573
8394 1695
8395 1743
8396 1573
8397 1916
8398 1574
8399 1744
8400 1564
8401 1607
8402 1608
8403 1567
8404 1724
8405 1629
8406 1610
8407 1724
8408 1629
8409 1917
8410 1611
8411 1628
8412 1628
8413 1625
8414 1625
8415 1626
8416 1626
8417 1625
8418 1625
8419 1623
8420 1623
8421 2873
8422 1625
8423 1625
8424 1606
8425 1612
8426 1611
8427 1917
8428 2873
8429 1728
8430 1610
8431 1611
8432 1609
8433 1606
8434 1606
8435 1625
8436 1606
8437 1596
8438 1608
8439 1607
8440 1593
8441 1575
8442 1574
8443 1916
8444 1575
8445 1572
8446 1915
8447 1742
8448 1742
8449 1572
8450 1572
8451 1915
8452 1573
8453 1573
8454 1574
8455 1572
8456 1572
8457 1691
8458 1579
8459 1579
8460 1579
8461 1579
8462 1579
8463 1572
8464 1572
8465 1579
8466 1579
8467 1572
8468 1580
8469 1594
8470 1580
8471 1580
8472 1594
8473 1561
8474 1729
8475 1729
8476 1561
8477 1563
8478 1560
8479 1562
8480 1562
8481 1721
8482 1721
8483 1722
8484 1722
8485 1721
8486 1721
8487 1722
8488 1605
8489 1692
8490 1692
8491 1692
8492 1692
8493 1579
8494 1578
8495 1692
8496 1579
8497 1578
8498 1578
8499 1578
8500 1578
8501 1555
8502 1587
8503 1578
8504 1581
8505 1726
8506 1727
8507 1554
8508 1552
8509 1563
8510 1583
8511 1583
8512 1560
8513 1721
8514 1689
8515 1584
8516 1563
8517 1689
8518 1689
8519 1721
8520 1721
8521 1557
8522 1557
8523 1557
8524 1557
8525 1557
8526 1557
8527 1557
8528 1557
8529 1557
8530 1557
8531 1557
8532 1557
8533 1558
8534 1559
8535 1556
8536 1558
8537 1953
8538 1953
8539 1588
8540 1554
8541 1582
8542 1582
8543 1750
8544 1750
8545 1585
8546 1690
8547 1690
8548 1690
8549 1585
8550 1585
8551 1585
8552 1585
8553 1556
8554 1556
8555 1556
8556 1556
8557 1556
8558 1556
8559 1556
8560 1556
8561 1556
8562 1951
8563 1556
8564 1556
8565 1951
8566 1951
8567 1951
8568 1556
8569 1954
8570 1931
8571 1957
8572 1957
8573 1973
8574 1964
8575 1932
8576 1964
8577 1974
8578 1974
8579 1973
8580 1973
8581 1975
8582 1974
8583 1974
8584 1974
8585 1972
8586 1972
8587 1972
8588 1972
8589 1958
8590 1958
8591 1958
8592 1958
8593 1928
8594 1934
8595 1934
8596 1925
8597 1951
8598 1951
8599 1951
8600 1951
8601 2874
8602 1951
8603 1951
8604 1951
8605 1666
8606 1666
8607 1655
8608 1655
8609 1621
8610 1619
8611 1619
8612 1620
8613 1706
8614 1622
8615 1910
8616 1660
8617 1659
8618 1706
8619 1660
8620 1658
8621 1658
8622 1657
8623 1657
8624 1657
8625 1655
8626 1654
8627 1613
8628 1616
8629 1615
8630 1616
8631 1613
8632 1614
8633 1618
8634 1618
8635 1617
8636 1617
8637 1700
8638 1738
8639 1752
8640 1701
8641 1699
8642 1700
8643 1702
8644 1699
8645 1657
8646 1643
8647 1643
8648 1657
8649 1624
8650 1623
8651 1623
8652 1624
8653 1911
8654 1624
8655 1623
8656 1702
8657 1912
8658 1912
8659 1701
8660 1752
8661 1577
8662 1576
8663 1752
8664 1617
8665 1915
8666 1914
8667 1615
8668 1615
8669 1597
8670 1597
8671 1742
8672 1597
8673 1571
8674 1571
8675 1568
8676 1568
8677 1730
8678 1730
8679 1913
8680 1913
8681 1606
8682 1624
8683 1624
8684 1606
8685 1603
8686 1730
8687 1603
8688 1603
8689 1688
8690 1605
8691 1605
8692 1688
8693 1685
8694 1688
8695 1605
8696 1604
8697 1601
8698 1600
8699 1600
8700 1601
8701 1569
8702 1570
8703 1570
8704 1569
8705 1598
8706 1598
8707 1598
8708 1691
8709 1551
8710 1550
8711 1692
8712 1692
8713 1549
8714 1549
8715 1546
8716 1547
8717 1590
8718 1599
8719 1602
8720 1591
8721 1687
8722 1688
8723 1685
8724 1686
8725 1689
8726 1688
8727 1688
8728 1687
8729 1551
8730 1551
8731 1557
8732 1551
8733 1548
8734 1547
8735 1693
8736 1948
8737 1590
8738 1591
8739 1592
8740 1589
8741 1687
8742 1686
8743 1976
8744 1976
8745 1690
8746 1690
8747 1690
8748 1690
8749 1693
8750 1693
8751 1693
8752 1693
8753 1741
8754 1948
8755 1946
8756 1971
8757 1589
8758 1592
8759 1965
8760 1968
8761 1978
8762 1977
8763 1977
8764 1978
8765 1975
8766 1978
8767 1978
8768 1942
8769 1946
8770 1946
8771 1946
8772 1946
8773 1971
8774 1946
8775 2874
8776 1921
8777 1967
8778 1965
8779 1960
8780 1967
8781 1942
8782 1942
8783 1939
8784 1941
8785 1937
8786 1975
8787 1942
8788 1937
8789 1936
8790 1937
8791 1936
8792 1935
8793 1959
8794 1936
8795 1935
8796 2286
8797 1926
8798 1925
8799 1934
8800 2242
8801 1923
8802 1923
8803 1924
8804 1924
8805 1923
8806 1923
8807 1923
8808 1923
8809 1923
8810 1923
8811 1923
8812 1923
8813 2874
8814 2874
8815 1923
8816 1923
8817 2874
8818 2874
8819 1923
8820 1923
8821 1918
8822 2874
8823 1923
8824 1923
8825 2105
8826 1935
8827 2088
8828 2016
8829 1924
8830 1924
8831 2022
8832 2023
8833 1941
8834 1941
8835 1979
8836 1979
8837 2109
8838 2102
8839 2098
8840 2019
8841 1924
8842 1924
8843 2023
8844 2112
8845 1938
8846 1941
8847 2108
8848 2059
8849 1924
8850 1924
8851 2018
8852 2023
8853 1923
8854 1923
8855 2112
8856 1924
8857 1938
8858 1938
8859 2059
8860 2059
8861 1920
8862 1919
8863 1922
8864 1969
8865 1924
8866 1924
8867 2022
8868 2022
8869 1923
8870 1923
8871 1922
8872 1922
8873 1940
8874 1962
8875 2244
8876 1943
8877 2252
8878 2024
8879 2704
8880 2710
8881 2107
8882 2208
8883 2200
8884 2195
8885 2024
8886 2024
8887 2710
8888 2710
8889 2031
8890 2060
8891 2256
8892 2143
8893 2022
8894 2024
8895 2704
8896 2253
8897 2284
8898 2284
8899 2081
8900 2081
8901 2023
8902 2023
8903 2252
8904 2024
8905 2284
8906 2284
8907 2081
8908 2081
8909 2241
8910 2230
8911 2183
8912 2184
8913 2013
8914 2120
8915 2077
8916 2180
8917 2230
8918 2073
8919 2069
8920 2226
8921 2021
8922 2265
8923 2094
8924 2095
8925 2024
8926 2022
8927 2248
8928 2249
8929 2601
8930 2623
8931 2643
8932 2681
8933 1997
8934 2150
8935 2274
8936 2270
8937 2056
8938 2608
8939 2488
8940 2371
8941 1996
8942 2698
8943 2258
8944 2258
8945 2045
8946 2074
8947 2380
8948 2161
8949 2740
8950 2755
8951 2165
8952 2763
8953 2719
8954 2738
8955 2765
8956 2766
8957 2175
8958 2004
8959 2269
8960 2494
8961 2729
8962 2729
8963 2746
8964 2746
8965 2612
8966 2193
8967 2586
8968 2633
8969 2720
8970 2719
8971 2746
8972 2746
8973 2623
8974 2610
8975 2640
8976 2643
8977 2706
8978 2708
8979 2766
8980 2760
