0 1239
1 1862
2 5365
3 4866
4 4851
5 5010
6 4794
7 4794
8 626
9 788
10 1679
11 1310
12 1680
13 1314
14 1710
15 1377
16 1392
17 1391
18 1390
19 1389
20 1389
21 1389
22 1258
23 742
24 5282
25 5335
26 216
27 440
28 297
29 3663
30 3797
31 3050
32 284
33 153
34 298
35 299
36 224
37 300
38 301
39 305
40 3814
41 3723
42 3718
43 4917
44 4978
45 789
46 1904
47 2821
48 1311
49 1379
50 1541
51 1541
52 1311
53 1379
54 1378
55 1393
56 1389
57 1259
58 1259
59 4712
60 6550
61 4117
62 4114
63 4115
64 4115
65 4868
66 4869
67 4717
68 4863
69 4744
70 4862
71 4860
72 4714
73 4861
74 4861
75 4852
76 4795
77 5185
78 5145
79 5218
80 5218
81 5218
82 5189
83 5100
84 5142
85 5143
86 1259
87 4862
88 4862
89 4866
90 4852
91 4795
92 4276
93 4114
94 5145
95 5144
96 5144
97 5107
98 5104
99 5146
100 5217
101 5148
102 5149
103 5178
104 5188
105 4862
106 1390
107 1390
108 1904
109 1393
110 4861
111 4862
112 5188
113 5186
114 5187
115 5187
116 5129
117 5129
118 5112
119 5112
120 5094
121 5094
122 5074
123 5073
124 5190
125 5155
126 5159
127 5159
128 5052
129 5435
130 5052
131 5435
132 5435
133 5434
134 5435
135 5433
136 5436
137 5433
138 5425
139 5416
140 5056
141 5415
142 5134
143 5121
144 5212
145 5164
146 5376
147 5376
148 5050
149 5161
150 5160
151 5160
152 5028
153 5028
154 5025
155 5409
156 5412
157 5413
158 5412
159 5413
160 5056
161 5055
162 5411
163 5411
164 5134
165 5213
166 5134
167 5116
168 5117
169 5201
170 5213
171 5033
172 5034
173 5097
174 5175
175 5113
176 5205
177 5093
178 5093
179 5081
180 5077
181 5377
182 5377
183 5044
184 5050
185 5050
186 5049
187 5064
188 5078
189 6334
190 5094
191 5047
192 5047
193 5047
194 5022
195 5195
196 5191
197 5191
198 5190
199 5053
200 5024
201 5057
202 5027
203 5027
204 5028
205 5025
206 5025
207 5026
208 4716
209 4715
210 5189
211 5214
212 5113
213 5378
214 5079
215 5030
216 5054
217 5051
218 5052
219 5053
220 5052
221 5435
222 629
223 1395
224 1388
225 1388
226 1233
227 1386
228 1737
229 5187
230 5184
231 5150
232 5111
233 5125
234 5208
235 5165
236 5173
237 5112
238 5168
239 5207
240 5085
241 5375
242 5046
243 5372
244 5095
245 5066
246 5038
247 5072
248 5073
249 5155
250 5154
251 5069
252 5019
253 5020
254 5060
255 5156
256 5156
257 5158
258 5437
259 5059
260 5409
261 5434
262 5398
263 5401
264 5401
265 5421
266 6335
267 6335
268 5385
269 5387
270 5410
271 5417
272 5395
273 5399
274 5399
275 5399
276 5608
277 5608
278 5440
279 5440
280 5424
281 5383
282 5384
283 5573
284 5384
285 5386
286 5388
287 5703
288 5747
289 5609
290 5608
291 5605
292 5605
293 5718
294 5656
295 5645
296 5688
297 5485
298 5713
299 5713
300 5448
301 5446
302 5726
303 5701
304 5605
305 5605
306 6071
307 6081
308 6089
309 5636
310 5461
311 5453
312 6193
313 6182
314 6180
315 6217
316 5506
317 5603
318 5519
319 6068
320 6065
321 1677
322 1676
323 1708
324 1637
325 1735
326 1631
327 1669
328 1718
329 1718
330 1719
331 1719
332 1719
333 1714
334 1712
335 1681
336 1622
337 1740
338 1656
339 1652
340 1654
341 1663
342 1613
343 1695
344 1614
345 1915
346 1915
347 1691
348 1691
349 1692
350 1557
351 1557
352 1551
353 1556
354 1693
355 1951
356 2874
357 2874
358 2874
359 2874
360 1923
361 2874
362 1923
363 1950
364 1925
365 1720
366 1706
367 1705
368 1706
369 1703
370 1658
371 1643
372 1643
373 1625
374 1624
375 1605
376 1605
377 1721
378 1688
379 1689
380 1689
381 1974
382 1978
383 1975
384 1975
385 1936
386 1936
387 1933
388 1933
389 1649
390 1751
391 1648
392 1684
393 1703
394 1747
395 1731
396 3013
397 1643
398 1644
399 1627
400 1723
401 1566
402 1665
403 1665
404 1650
405 1573
406 1574
407 1608
408 1607
409 1611
410 1917
411 1625
412 1722
413 1722
414 1612
415 1728
416 1575
417 1572
418 1572
419 1742
420 1742
421 1579
422 1579
423 1579
424 1555
425 1560
426 1563
427 1721
428 1692
429 1578
430 1558
431 1554
432 1727
433 1584
434 1689
435 1557
436 1557
437 1556
438 1559
439 1954
440 1973
441 1974
442 1556
443 1951
444 1951
445 1950
446 1932
447 1958
448 1974
449 1616
450 1738
451 1700
452 1660
453 1657
454 1615
455 1752
456 1701
457 1623
458 1624
459 1911
460 1576
461 1577
462 1568
463 1601
464 1600
465 1605
466 1688
467 1685
468 1602
469 1546
470 1551
471 1591
472 1686
473 1687
474 1693
475 1741
476 1980
477 1978
478 1946
479 1971
480 1977
481 1942
482 2874
483 1921
484 1940
485 1941
486 1938
487 1935
488 2243
489 1924
490 1924
491 1924
492 1924
493 1923
494 1923
495 1919
496 1969
497 2108
498 2060
499 2087
500 2087
501 2015
502 2023
503 2022
504 2024
505 2022
506 2023
507 2112
508 1922
509 2213
510 2176
511 2063
512 2697
513 2770
514 2049
515 2267
516 2711
517 2723
518 2723
519 2710
520 2250
521 2224
522 2400
523 2495
524 2636
525 2677
526 2503
527 2387
528 2187
529 2765
530 2766
531 2746
532 2753
533 2760
534 2124
535 4712
536 1229
537 1238
538 5365
539 5365
540 4866
541 4862
542 4851
543 4866
544 5010
545 4794
546 4850
547 4791
548 626
549 626
550 627
551 1310
552 1716
553 788
554 1310
555 1376
556 1679
557 1314
558 1377
559 1682
560 1376
561 1392
562 1391
563 1391
564 1390
565 1390
566 1392
567 1389
568 1390
569 1389
570 1389
571 1904
572 711
573 4721
574 4230
575 5293
576 440
577 1313
578 3731
579 3662
580 3796
581 334
582 150
583 153
584 298
585 299
586 223
587 300
588 305
589 302
590 3813
591 3810
592 3719
593 209
594 3727
595 3664
596 298
597 151
598 3057
599 298
600 3718
601 214
602 4978
603 4918
604 6282
605 3011
606 1829
607 789
608 789
609 1389
610 1904
611 1874
612 1444
613 1505
614 2821
615 1406
616 2821
617 1315
618 1542
619 1379
620 1541
621 1904
622 1541
623 1311
624 1311
625 1379
626 1315
627 1378
628 1379
629 1393
630 1394
631 1389
632 1393
633 1389
634 1394
635 1377
636 1314
637 1259
638 1259
639 1380
640 4712
641 4117
642 4114
643 4116
644 4115
645 4116
646 4115
647 4871
648 4115
649 4870
650 4868
651 4859
652 5206
653 4744
654 4863
655 4862
656 4862
657 4863
658 4744
659 4863
660 4858
661 4715
662 4861
663 4861
664 4861
665 4861
666 4852
667 4867
668 4795
669 4849
670 5185
671 5148
672 5145
673 5145
674 5145
675 5146
676 5147
677 5218
678 5147
679 5218
680 4860
681 5189
682 5140
683 5137
684 5206
685 5203
686 4868
687 5143
688 1258
689 5365
690 4862
691 4866
692 4865
693 4795
694 4114
695 4114
696 4114
697 4115
698 4115
699 5145
700 5144
701 5144
702 4114
703 4790
704 4849
705 4866
706 4866
707 4862
708 5143
709 5106
710 5107
711 5105
712 5104
713 5101
714 5146
715 5146
716 5217
717 5148
718 5146
719 5149
720 5148
721 4864
722 5151
723 4861
724 5183
725 4862
726 5365
727 1392
728 1393
729 1904
730 1393
731 4861
732 4862
733 4862
734 4861
735 1393
736 1393
737 1904
738 1390
739 4862
740 5188
741 5188
742 5187
743 5188
744 5175
745 5187
746 5188
747 5188
748 5129
749 5174
750 5174
751 5112
752 5205
753 5205
754 5094
755 5092
756 5092
757 5073
758 5073
759 5073
760 5190
761 5191
762 5074
763 5159
764 5190
765 5155
766 5158
767 5158
768 5158
769 5435
770 5052
771 5435
772 5435
773 5435
774 5434
775 5433
776 5435
777 5433
778 5433
779 5435
780 5433
781 5416
782 5436
783 5419
784 5415
785 5414
786 5415
787 5121
788 5118
789 5220
790 5164
791 5132
792 5133
793 5376
794 5376
795 5044
796 5050
797 5211
798 5041
799 5160
800 5161
801 5161
802 5028
803 5028
804 5160
805 5025
806 5025
807 5025
808 5412
809 5412
810 5025
811 5412
812 5413
813 5412
814 5055
815 5023
816 5026
817 5411
818 5413
819 5411
820 5056
821 5418
822 5220
823 5134
824 5133
825 5213
826 5220
827 5134
828 5115
829 5116
830 5153
831 5117
832 5103
833 6471
834 5133
835 5213
836 5036
837 5213
838 5035
839 5033
840 5131
841 5192
842 5214
843 5186
844 5113
845 5205
846 5205
847 5172
848 5205
849 5113
850 5093
851 5093
852 5093
853 5098
854 5080
855 5034
856 5077
857 5377
858 5076
859 5377
860 5377
861 5043
862 5044
863 5376
864 5041
865 5050
866 5042
867 5050
868 5042
869 5049
870 5062
871 5064
872 5078
873 5197
874 5378
875 6334
876 5094
877 6334
878 5094
879 5050
880 5160
881 5050
882 5047
883 5049
884 5047
885 5064
886 5048
887 5198
888 5021
889 5191
890 5030
891 5073
892 5191
893 5074
894 5190
895 5190
896 5030
897 5053
898 5195
899 5196
900 5022
901 5023
902 5027
903 5027
904 5047
905 5027
906 5160
907 5028
908 5028
909 5028
910 5025
911 5025
912 5025
913 5025
914 5026
915 5025
916 5412
917 5024
918 5056
919 5056
920 4716
921 4860
922 5189
923 5200
924 5096
925 5378
926 5079
927 5029
928 5053
929 5030
930 5031
931 5079
932 5099
933 5202
934 5215
935 5189
936 4715
937 4886
938 5054
939 5414
940 5219
941 5052
942 5051
943 5436
944 5053
945 5159
946 5435
947 5052
948 5052
949 5052
950 5435
951 5052
952 5435
953 626
954 626
955 1396
956 1389
957 1388
958 1388
959 1388
960 1233
961 1388
962 1232
963 1233
964 1382
965 1384
966 1398
967 629
968 5188
969 5187
970 5183
971 5187
972 5151
973 5180
974 5108
975 5109
976 5177
977 5122
978 5120
979 5209
980 5123
981 5167
982 5088
983 5174
984 5173
985 5173
986 5126
987 5112
988 5112
989 5127
990 5171
991 5135
992 5082
993 5083
994 5085
995 5084
996 5376
997 5221
998 5045
999 5169
1000 5374
1001 5092
1002 5095
1003 5095
1004 5066
1005 5161
1006 5038
1007 5037
1008 5072
1009 5199
1010 5095
1011 5072
1012 5073
1013 5155
1014 5074
1015 5155
1016 5075
1017 5039
1018 5068
1019 5067
1020 5015
1021 5160
1022 5019
1023 5028
1024 5069
1025 5018
1026 5154
1027 5155
1028 5156
1029 5061
1030 5159
1031 5158
1032 5437
1033 5059
1034 5162
1035 5409
1036 5407
1037 5058
1038 5437
1039 5158
1040 5434
1041 5434
1042 5398
1043 5438
1044 5401
1045 5439
1046 5401
1047 5427
1048 5428
1049 5409
1050 5379
1051 6335
1052 6335
1053 6335
1054 5385
1055 5413
1056 5385
1057 5410
1058 5387
1059 5415
1060 5417
1061 5395
1062 5392
1063 5433
1064 5419
1065 5433
1066 5399
1067 5434
1068 5398
1069 5399
1070 5608
1071 5440
1072 5440
1073 5406
1074 5431
1075 5384
1076 5573
1077 5573
1078 5384
1079 5386
1080 5389
1081 5704
1082 5609
1083 5608
1084 5608
1085 5385
1086 5384
1087 5399
1088 5396
1089 5390
1090 5393
1091 5402
1092 5421
1093 5385
1094 5420
1095 5398
1096 5398
1097 5385
1098 5387
1099 5402
1100 5605
1101 5718
1102 5496
1103 5658
1104 5646
1105 5485
1106 5713
1107 5713
1108 5485
1109 5447
1110 5556
1111 5715
1112 5539
1113 5605
1114 5605
1115 5483
1116 5484
1117 5548
1118 5745
1119 5483
1120 5745
1121 5548
1122 5481
1123 5520
1124 5480
1125 5567
1126 5560
1127 5702
1128 5486
1129 5534
1130 6081
1131 6072
1132 5751
1133 5463
1134 5596
1135 6174
1136 6181
1137 6182
1138 6198
1139 5580
1140 5535
1141 5516
1142 5650
1143 6081
1144 6076
1145 6074
1146 6074
1147 6164
1148 6171
1149 6057
1150 6171
1151 6074
1152 6163
1153 5524
1154 5451
1155 5633
1156 5510
1157 5674
1158 5514
1159 5547
1160 1678
1161 1675
1162 1707
1163 1707
1164 1677
1165 1673
1166 1676
1167 1734
1168 1638
1169 1231
1170 1634
1171 1234
1172 1668
1173 1387
1174 1718
1175 1390
1176 1718
1177 1390
1178 1719
1179 1390
1180 1719
1181 1719
1182 1719
1183 1714
1184 1714
1185 1710
1186 1714
1187 1682
1188 1681
1189 1642
1190 1619
1191 1739
1192 1698
1193 1653
1194 1656
1195 1651
1196 1652
1197 1654
1198 1694
1199 1651
1200 1654
1201 1614
1202 1694
1203 1614
1204 1915
1205 1573
1206 1915
1207 1691
1208 1579
1209 1742
1210 1557
1211 1692
1212 1692
1213 1557
1214 1557
1215 1557
1216 1556
1217 1556
1218 1693
1219 1946
1220 1951
1221 1946
1222 2874
1223 1951
1224 2874
1225 2874
1226 2874
1227 2874
1228 2874
1229 2874
1230 1923
1231 1951
1232 2874
1233 1925
1234 2874
1235 1923
1236 1705
1237 1696
1238 1715
1239 1706
1240 1706
1241 1720
1242 1658
1243 1658
1244 1705
1245 1643
1246 1657
1247 1736
1248 1624
1249 1623
1250 1623
1251 1605
1252 1606
1253 1606
1254 1688
1255 1605
1256 1605
1257 1689
1258 1689
1259 1689
1260 1978
1261 1690
1262 1690
1263 1975
1264 1978
1265 1974
1266 1936
1267 1936
1268 1972
1269 1933
1270 1959
1271 1959
1272 1950
1273 1929
1274 1929
1275 1749
1276 1649
1277 1748
1278 1751
1279 1636
1280 1751
1281 1683
1282 1645
1283 1720
1284 1720
1285 1720
1286 1717
1287 1703
1288 1717
1289 1703
1290 1746
1291 1747
1292 1633
1293 1733
1294 1684
1295 1736
1296 1643
1297 1736
1298 1643
1299 1732
1300 1644
1301 1661
1302 1630
1303 1646
1304 1723
1305 1664
1306 1565
1307 1664
1308 1665
1309 1650
1310 1663
1311 1663
1312 1695
1313 1744
1314 1744
1315 1564
1316 1574
1317 1573
1318 1916
1319 1724
1320 1608
1321 1628
1322 1610
1323 1626
1324 1917
1325 1626
1326 1625
1327 1625
1328 1606
1329 2873
1330 1612
1331 1722
1332 1562
1333 1728
1334 1609
1335 1605
1336 1596
1337 1593
1338 1575
1339 1575
1340 1572
1341 1572
1342 1691
1343 1742
1344 1572
1345 1572
1346 1579
1347 1691
1348 1579
1349 1579
1350 1580
1351 1579
1352 1594
1353 1581
1354 1561
1355 1726
1356 1722
1357 1563
1358 1722
1359 1721
1360 1721
1361 1692
1362 1692
1363 1578
1364 1692
1365 1578
1366 1578
1367 1555
1368 1558
1369 1560
1370 1553
1371 1584
1372 1583
1373 1689
1374 1584
1375 1689
1376 1557
1377 1557
1378 1557
1379 1557
1380 1557
1381 1556
1382 1586
1383 1556
1384 1750
1385 1955
1386 1582
1387 1964
1388 1585
1389 1974
1390 1974
1391 1556
1392 1556
1393 1556
1394 1951
1395 1556
1396 1951
1397 1952
1398 1951
1399 1954
1400 1956
1401 1973
1402 1958
1403 1974
1404 1972
1405 1975
1406 1958
1407 1932
1408 1951
1409 1655
1410 1666
1411 1618
1412 1621
1413 1738
1414 1659
1415 1910
1416 1658
1417 1660
1418 1657
1419 1613
1420 1615
1421 1615
1422 1738
1423 1617
1424 1700
1425 1701
1426 1699
1427 1702
1428 1623
1429 1623
1430 1624
1431 1911
1432 1624
1433 1576
1434 1912
1435 1914
1436 1577
1437 1914
1438 1568
1439 1597
1440 1571
1441 1570
1442 1730
1443 1601
1444 1603
1445 1605
1446 1604
1447 1605
1448 1688
1449 1604
1450 1685
1451 1601
1452 1599
1453 1569
1454 1549
1455 1550
1456 1546
1457 1557
1458 1602
1459 1547
1460 1685
1461 1590
1462 1688
1463 1687
1464 1687
1465 1551
1466 1693
1467 1548
1468 1948
1469 1980
1470 1592
1471 1690
1472 1976
1473 1978
1474 1693
1475 1946
1476 1741
1477 1947
1478 1977
1479 1966
1480 1978
1481 1942
1482 1975
1483 1946
1484 2874
1485 1921
1486 1918
1487 1939
1488 1963
1489 1942
1490 1941
1491 1937
1492 1937
1493 1935
1494 1935
1495 2243
1496 1935
1497 1925
1498 1927
1499 1923
1500 1924
1501 1923
1502 1924
1503 1923
1504 1924
1505 2874
1506 1923
1507 2874
1508 1923
1509 1919
1510 1923
1511 1945
1512 2108
1513 2032
1514 2087
1515 2026
1516 2017
1517 2023
1518 2024
1519 2024
1520 2023
1521 2112
1522 1970
1523 2112
1524 2147
1525 2103
1526 2023
1527 2112
1528 1940
1529 1979
1530 2109
1531 1924
1532 2147
1533 2023
1534 1924
1535 1919
1536 1961
1537 2002
1538 2064
1539 2194
1540 2697
1541 2053
1542 1982
1543 2702
1544 2733
1545 2723
1546 2710
1547 2250
1548 2221
1549 2287
1550 2252
1551 2252
1552 2202
1553 2034
1554 2252
1555 2257
1556 2024
1557 2143
1558 2022
1559 2080
1560 2229
1561 2091
1562 1988
1563 2480
1564 2630
1565 2643
1566 2684
1567 2470
1568 2159
1569 2181
1570 2766
1571 2746
1572 2746
1573 2762
1574 2179
1575 2125
1576 2619
1577 2582
1578 1995
1579 2214
1580 2289
1581 2759
1582 2163
1583 2763
1584 2746
1585 2592
1586 2730
1587 2622
1588 2728
1589 1478
1590 1229
1591 4862
1592 4866
1593 4850
1594 627
1595 788
1596 1314
1597 788
1598 1376
1599 1391
1600 1390
1601 1389
1602 1389
1603 4270
1604 4792
1605 3665
1606 152
1607 3942
1608 298
1609 3810
1610 451
1611 206
1612 3719
1613 151
1614 789
1615 1904
1616 1830
1617 1443
1618 1444
1619 1505
1620 2821
1621 1542
1622 1904
1623 1541
1624 1311
1625 1315
1626 1379
1627 1378
1628 1393
1629 1389
1630 1393
1631 1394
1632 1376
1633 1314
1634 4116
1635 4116
1636 4116
1637 4871
1638 4856
1639 4717
1640 4744
1641 4862
1642 4863
1643 4862
1644 4861
1645 4864
1646 4849
1647 4790
1648 5145
1649 5147
1650 5147
1651 4861
1652 4860
1653 4857
1654 4869
1655 5145
1656 4114
1657 4115
1658 4115
1659 4114
1660 4276
1661 4850
1662 4866
1663 4862
1664 4862
1665 5144
1666 5106
1667 5106
1668 5141
1669 5146
1670 5185
1671 5148
1672 4852
1673 4867
1674 4866
1675 4861
1676 1393
1677 1393
1678 1392
1679 5365
1680 4861
1681 5186
1682 5188
1683 5174
1684 5205
1685 5092
1686 5073
1687 5074
1688 5190
1689 5158
1690 5435
1691 5435
1692 5434
1693 5433
1694 5425
1695 5416
1696 5118
1697 5132
1698 5044
1699 5211
1700 5161
1701 5160
1702 5025
1703 5412
1704 5412
1705 5026
1706 5411
1707 5418
1708 5220
1709 5133
1710 5220
1711 5115
1712 5114
1713 5102
1714 5133
1715 5036
1716 5036
1717 5194
1718 5215
1719 5205
1720 5188
1721 5361
1722 5175
1723 5205
1724 5113
1725 5099
1726 5193
1727 5034
1728 5377
1729 5043
1730 5044
1731 5041
1732 5041
1733 5042
1734 5063
1735 5197
1736 5079
1737 5094
1738 5094
1739 5161
1740 5050
1741 5050
1742 5049
1743 5065
1744 5032
1745 6334
1746 5073
1747 5191
1748 5190
1749 5030
1750 5021
1751 5048
1752 5047
1753 5047
1754 5160
1755 5028
1756 5028
1757 5025
1758 5025
1759 5412
1760 5411
1761 5023
1762 5056
1763 5029
1764 5191
1765 5378
1766 5098
1767 5130
1768 5186
1769 5138
1770 4714
1771 4744
1772 5196
1773 5414
1774 5053
1775 5436
1776 5159
1777 5052
1778 5053
1779 5052
1780 5052
1781 5435
1782 5435
1783 626
1784 1389
1785 1388
1786 1388
1787 1233
1788 1381
1789 1397
1790 628
1791 5188
1792 5183
1793 5181
1794 5108
1795 5176
1796 5119
1797 5110
1798 5182
1799 5174
1800 5174
1801 5205
1802 5126
1803 5090
1804 5124
1805 5163
1806 5085
1807 5086
1808 5170
1809 5092
1810 5092
1811 5211
1812 5037
1813 5373
1814 5095
1815 5095
1816 5074
1817 5074
1818 5071
1819 5040
1820 5161
1821 5028
1822 5015
1823 5155
1824 5068
1825 5155
1826 5025
1827 5407
1828 5058
1829 5158
1830 5158
1831 5434
1832 5438
1833 5438
1834 5429
1835 5408
1836 5409
1837 6335
1838 5413
1839 5413
1840 5417
1841 5392
1842 5419
1843 5433
1844 5434
1845 5434
1846 5385
1847 5396
1848 5390
1849 5428
1850 5384
1851 5394
1852 5398
1853 5381
1854 5387
1855 5399
1856 5402
1857 5385
1858 5391
1859 5397
1860 5402
1861 5483
1862 5745
1863 5483
1864 5745
1865 5483
1866 5495
1867 5481
1868 5520
1869 5479
1870 5668
1871 5475
1872 5696
1873 5487
1874 5533
1875 5745
1876 6074
1877 6164
1878 6059
1879 6171
1880 6074
1881 6165
1882 5654
1883 5576
1884 5522
1885 5445
1886 5464
1887 5597
1888 5682
1889 6232
1890 5749
1891 1716
1892 1678
1893 1675
1894 1674
1895 1672
1896 1234
1897 1387
1898 1387
1899 1390
1900 1390
1901 1719
1902 1714
1903 1709
1904 1682
1905 1680
1906 1713
1907 1641
1908 1653
1909 1654
1910 1695
1911 1573
1912 1691
1913 1692
1914 1557
1915 1556
1916 1946
1917 2874
1918 2874
1919 2874
1920 1950
1921 1951
1922 1697
1923 1705
1924 1706
1925 1657
1926 1623
1927 1606
1928 1605
1929 1689
1930 1690
1931 1974
1932 1936
1933 1959
1934 1956
1935 1923
1936 1708
1937 1749
1938 1748
1939 1635
1940 1714
1941 1720
1942 1720
1943 1717
1944 1717
1945 1746
1946 1745
1947 1633
1948 1736
1949 1736
1950 1732
1951 1662
1952 1725
1953 1647
1954 1664
1955 1650
1956 1650
1957 1663
1958 1744
1959 1695
1960 1564
1961 1567
1962 1629
1963 1628
1964 1626
1965 1623
1966 2873
1967 1612
1968 1609
1969 1606
1970 1593
1971 1575
1972 1742
1973 1572
1974 1572
1975 1579
1976 1579
1977 1579
1978 1595
1979 1729
1980 1562
1981 1722
1982 1605
1983 1692
1984 1578
1985 1578
1986 1581
1987 1726
1988 1583
1989 1584
1990 1689
1991 1557
1992 1557
1993 1557
1994 1558
1995 1588
1996 1582
1997 1690
1998 1585
1999 1556
2000 1556
2001 1556
2002 1951
2003 1955
2004 1964
2005 1974
2006 1974
2007 1972
2008 1958
2009 1929
2010 1951
2011 1951
2012 1666
2013 1620
2014 1909
2015 1659
2016 1657
2017 1654
2018 1614
2019 1618
2020 1738
2021 1699
2022 1643
2023 1623
2024 1911
2025 1912
2026 1577
2027 1915
2028 1597
2029 1571
2030 1913
2031 1606
2032 1603
2033 1605
2034 1604
2035 1600
2036 1570
2037 1598
2038 1550
2039 1549
2040 1599
2041 1688
2042 1687
2043 1551
2044 1547
2045 1591
2046 1976
2047 1690
2048 1693
2049 1948
2050 1966
2051 1977
2052 1978
2053 1946
2054 1947
2055 1963
2056 1942
2057 1937
2058 1936
2059 1935
2060 1927
2061 1923
2062 1923
2063 1923
2064 1923
2065 2874
2066 2874
2067 2105
2068 2112
2069 1979
2070 2110
2071 1924
2072 1979
2073 2112
2074 1924
2075 2147
2076 1920
2077 2023
2078 1922
2079 1944
2080 2252
2081 2203
2082 2252
2083 2035
2084 2252
2085 2257
2086 2022
2087 2143
2088 2182
2089 2239
2090 2071
2091 2096
2092 2024
2093 2620
2094 1998
2095 2489
2096 1994
2097 2122
2098 2761
2099 2745
2100 2293
2101 2746
2102 2613
2103 2730
2104 2619
2105 2750
2106 4712
2107 1160
2108 1862
2109 1238
2110 1244
2111 2889
2112 1821
2113 5365
2114 5365
2115 4866
2116 5365
2117 4862
2118 4866
2119 4851
2120 4851
2121 4866
2122 4865
2123 5010
2124 5010
2125 4794
2126 4794
2127 4851
2128 4794
2129 4791
2130 4277
2131 626
2132 626
2133 626
2134 789
2135 1679
2136 1310
2137 1678
2138 1716
2139 1310
2140 788
2141 1310
2142 1311
2143 1680
2144 1314
2145 1679
2146 1680
2147 1314
2148 1310
2149 1377
2150 1377
2151 1682
2152 1682
2153 1376
2154 1376
2155 1392
2156 1391
2157 1710
2158 1392
2159 1391
2160 1377
2161 1390
2162 1390
2163 1390
2164 1390
2165 1392
2166 1392
2167 1389
2168 1389
2169 1390
2170 1390
2171 1389
2172 1389
2173 1389
2174 1259
2175 1904
2176 1389
2177 4727
2178 6348
2179 783
2180 711
2181 5282
2182 6470
2183 5290
2184 5293
2185 216
2186 440
2187 817
2188 452
2189 3663
2190 3662
2191 3796
2192 3839
2193 334
2194 284
2195 285
2196 150
2197 153
2198 153
2199 298
2200 298
2201 299
2202 224
2203 224
2204 223
2205 300
2206 301
2207 301
2208 305
2209 302
2210 3814
2211 3813
2212 3812
2213 3663
2214 3810
2215 3723
2216 3718
2217 300
2218 224
2219 3797
2220 3663
2221 3664
2222 298
2223 153
2224 151
2225 3814
2226 3050
2227 301
2228 298
2229 298
2230 3718
2231 216
2232 284
2233 305
2234 4978
2235 4917
2236 5335
2237 4918
2238 6282
2239 6282
2240 1861
2241 1829
2242 788
2243 789
2244 789
2245 1389
2246 1389
2247 1904
2248 2821
2249 2821
2250 1406
2251 1311
2252 1311
2253 2822
2254 2821
2255 1315
2256 1315
2257 1542
2258 1379
2259 1379
2260 1541
2261 1904
2262 1541
2263 1541
2264 1541
2265 1311
2266 1311
2267 1311
2268 1311
2269 1379
2270 1379
2271 1315
2272 1315
2273 1378
2274 1378
2275 1379
2276 1378
2277 1393
2278 1393
2279 1394
2280 1394
2281 1389
2282 1389
2283 1393
2284 1393
2285 1389
2286 1389
2287 1391
2288 1394
2289 1377
2290 1378
2291 1314
2292 1314
2293 1259
2294 1259
2295 1259
2296 1259
2297 790
2298 1380
2299 4801
2300 4801
2301 4712
2302 4117
2303 4117
2304 4117
2305 4117
2306 4114
2307 4116
2308 4114
2309 4115
2310 4116
2311 4115
2312 4115
2313 4115
2314 4871
2315 4868
2316 4115
2317 4115
2318 4870
2319 4869
2320 4868
2321 4869
2322 4859
2323 5206
2324 4859
2325 4744
2326 4863
2327 4863
2328 4744
2329 4862
2330 4862
2331 4862
2332 4863
2333 4863
2334 4744
2335 4862
2336 4862
2337 4860
2338 4858
2339 4714
2340 4715
2341 4714
2342 4862
2343 4861
2344 4862
2345 4861
2346 4866
2347 4861
2348 4861
2349 4861
2350 4852
2351 4852
2352 4867
2353 4864
2354 4795
2355 4795
2356 4852
2357 4849
2358 4276
2359 5185
2360 4795
2361 5148
2362 5145
2363 5145
2364 5185
2365 5145
2366 5145
2367 5147
2368 5145
2369 5146
2370 5144
2371 5147
2372 5218
2373 5218
2374 5147
2375 5218
2376 5218
2377 5218
2378 4860
2379 5189
2380 4861
2381 5189
2382 5140
2383 5139
2384 5138
2385 5136
2386 4869
2387 5142
2388 5141
2389 5203
2390 4868
2391 5143
2392 5142
2393 5143
2394 1258
2395 1259
2396 5365
2397 4862
2398 4862
2399 4866
2400 4866
2401 4865
2402 4865
2403 4794
2404 4795
2405 4114
2406 4276
2407 4114
2408 4114
2409 4114
2410 4114
2411 4115
2412 5144
2413 4115
2414 5144
2415 4114
2416 5145
2417 5144
2418 5144
2419 5144
2420 5144
2421 4114
2422 4114
2423 4790
2424 4276
2425 4849
2426 4795
2427 4866
2428 4865
2429 4862
2430 4866
2431 4862
2432 4862
2433 5365
2434 5143
2435 5144
2436 5106
2437 5106
2438 5218
2439 5107
2440 5203
2441 5204
2442 5107
2443 5104
2444 5100
2445 5204
2446 5146
2447 5217
2448 5145
2449 5146
2450 5217
2451 5217
2452 5185
2453 5148
2454 5146
2455 5176
2456 5149
2457 5149
2458 5148
2459 5149
2460 4864
2461 4864
2462 5151
2463 5181
2464 4861
2465 4867
2466 5183
2467 5188
2468 4862
2469 4862
2470 5365
2471 5365
2472 1392
2473 1392
2474 1389
2475 1390
2476 1904
2477 1904
2478 1393
2479 1393
2480 4861
2481 4861
2482 4862
2483 4862
2484 4862
2485 4862
2486 4861
2487 4861
2488 1393
2489 1393
2490 1393
2491 1393
2492 1904
2493 1390
2494 1390
2495 4862
2496 5365
2497 1243
2498 4861
2499 5188
2500 5188
2501 5188
2502 5186
2503 5187
2504 5188
2505 5186
2506 5175
2507 5175
2508 5187
2509 5187
2510 5188
2511 5188
2512 5187
2513 5188
2514 5129
2515 5129
2516 5175
2517 5172
2518 5174
2519 5187
2520 5112
2521 5112
2522 5205
2523 5112
2524 5112
2525 5205
2526 5094
2527 5094
2528 5092
2529 5094
2530 5092
2531 5092
2532 5073
2533 5073
2534 5094
2535 5073
2536 5073
2537 5095
2538 5190
2539 5190
2540 5074
2541 5190
2542 5074
2543 5074
2544 5159
2545 5159
2546 5190
2547 5159
2548 5159
2549 5155
2550 5052
2551 5158
2552 5159
2553 5052
2554 5158
2555 5159
2556 5435
2557 5435
2558 5052
2559 5052
2560 5435
2561 5435
2562 5435
2563 5434
2564 5435
2565 5435
2566 5434
2567 5434
2568 5433
2569 5433
2570 5435
2571 5435
2572 5433
2573 5434
2574 5436
2575 5433
2576 5435
2577 5436
2578 5433
2579 5433
2580 5425
2581 5416
2582 5436
2583 5425
2584 5425
2585 5419
2586 5056
2587 5415
2588 5416
2589 5414
2590 5415
2591 5416
2592 5121
2593 5134
2594 5118
2595 5121
2596 5220
2597 5218
2598 5164
2599 5164
2600 5121
2601 5163
2602 5133
2603 5134
2604 5376
2605 5376
2606 5085
2607 5376
2608 5376
2609 5164
2610 5161
2611 5050
2612 5211
2613 5211
2614 5211
2615 5041
2616 5160
2617 5160
2618 5161
2619 5160
2620 5160
2621 5050
2622 5028
2623 5028
2624 5160
2625 5028
2626 5028
2627 5160
2628 5412
2629 5025
2630 5025
2631 5025
2632 5025
2633 5028
2634 5412
2635 5412
2636 5409
2637 5412
2638 5412
2639 5025
2640 5413
2641 5412
2642 5413
2643 5413
2644 5412
2645 5412
2646 5055
2647 5411
2648 5057
2649 5055
2650 5055
2651 5026
2652 5411
2653 5411
2654 5413
2655 5410
2656 5411
2657 5411
2658 5056
2659 5418
2660 5415
2661 5418
2662 5220
2663 5134
2664 5134
2665 5134
2666 5134
2667 5133
2668 5213
2669 5213
2670 5220
2671 5134
2672 5134
2673 5134
2674 5115
2675 5116
2676 5134
2677 5116
2678 5153
2679 5152
2680 5116
2681 5117
2682 5100
2683 5103
2684 5152
2685 6471
2686 5134
2687 5133
2688 5213
2689 5213
2690 5116
2691 5036
2692 5213
2693 5033
2694 5117
2695 5035
2696 5033
2697 5034
2698 5131
2699 5097
2700 5034
2701 5192
2702 5214
2703 5172
2704 5189
2705 5175
2706 5113
2707 5113
2708 5361
2709 5205
2710 5205
2711 5205
2712 5175
2713 5361
2714 5205
2715 5205
2716 5205
2717 5112
2718 5112
2719 5093
2720 5113
2721 5093
2722 5093
2723 5093
2724 5193
2725 5081
2726 5080
2727 5080
2728 5034
2729 5076
2730 5081
2731 5077
2732 5033
2733 5377
2734 5076
2735 5076
2736 5213
2737 5377
2738 5377
2739 5377
2740 5213
2741 5044
2742 5043
2743 5044
2744 5376
2745 5376
2746 5041
2747 5041
2748 5050
2749 5050
2750 5042
2751 5041
2752 5050
2753 5050
2754 5063
2755 5042
2756 5050
2757 5049
2758 5077
2759 5062
2760 5049
2761 5064
2762 5081
2763 5078
2764 5065
2765 5197
2766 5378
2767 6334
2768 6334
2769 6334
2770 5093
2771 5094
2772 6334
2773 5073
2774 5094
2775 5094
2776 5050
2777 5047
2778 5160
2779 5047
2780 5050
2781 5047
2782 5047
2783 5047
2784 5049
2785 5047
2786 5047
2787 5047
2788 5064
2789 5022
2790 5048
2791 5048
2792 5198
2793 5198
2794 5022
2795 5021
2796 6334
2797 5191
2798 5030
2799 5030
2800 5073
2801 5191
2802 5191
2803 5191
2804 5074
2805 5191
2806 5191
2807 5190
2808 5190
2809 5190
2810 5030
2811 5030
2812 5030
2813 5053
2814 5195
2815 5024
2816 5054
2817 5196
2818 5022
2819 5057
2820 5024
2821 5023
2822 5047
2823 5027
2824 5057
2825 5027
2826 5047
2827 5027
2828 5027
2829 5027
2830 5047
2831 5028
2832 5028
2833 5028
2834 5028
2835 5028
2836 5028
2837 5025
2838 5025
2839 5025
2840 5028
2841 5025
2842 5025
2843 5025
2844 5412
2845 5025
2846 5027
2847 5026
2848 5025
2849 5025
2850 5412
2851 5026
2852 5024
2853 5024
2854 5055
2855 5056
2856 5056
2857 5056
2858 4717
2859 4716
2860 4860
2861 4860
2862 5189
2863 5189
2864 5201
2865 5214
2866 5097
2867 5096
2868 5378
2869 5378
2870 5078
2871 5079
2872 5195
2873 5029
2874 5053
2875 5053
2876 5054
2877 5030
2878 5031
2879 5031
2880 5378
2881 5079
2882 5099
2883 5099
2884 5113
2885 5361
2886 5137
2887 5215
2888 5189
2889 4860
2890 4715
2891 4716
2892 4716
2893 5054
2894 5051
2895 5414
2896 5219
2897 5219
2898 5219
2899 5053
2900 5052
2901 5051
2902 5052
2903 5436
2904 5435
2905 5053
2906 5053
2907 5159
2908 5053
2909 5435
2910 5052
2911 5052
2912 5052
2913 5053
2914 5052
2915 5052
2916 5052
2917 5052
2918 5435
2919 5052
2920 5435
2921 5435
2922 5435
2923 628
2924 629
2925 626
2926 626
2927 1396
2928 1395
2929 1259
2930 1388
2931 1389
2932 1388
2933 1259
2934 1388
2935 1388
2936 1388
2937 1259
2938 1233
2939 1388
2940 1233
2941 793
2942 1232
2943 1233
2944 1231
2945 1380
2946 1381
2947 1386
2948 1384
2949 1398
2950 1398
2951 629
2952 1395
2953 5188
2954 5188
2955 5187
2956 5187
2957 5178
2958 5178
2959 5187
2960 5184
2961 5151
2962 5150
2963 5179
2964 5150
2965 5176
2966 5108
2967 5109
2968 5111
2969 5217
2970 5177
2971 5111
2972 5122
2973 5120
2974 5125
2975 5209
2976 5208
2977 5124
2978 5208
2979 5184
2980 5167
2981 5088
2982 5089
2983 5187
2984 5174
2985 5173
2986 5173
2987 5173
2988 5173
2989 5129
2990 5112
2991 5112
2992 5112
2993 5112
2994 5112
2995 5370
2996 5127
2997 5168
2998 5207
2999 5135
3000 5087
3001 5125
3002 5083
3003 5087
3004 5083
3005 5085
3006 5085
3007 5084
3008 5375
3009 5376
3010 5375
3011 5221
3012 5221
3013 5375
3014 5045
3015 5168
3016 5169
3017 5374
3018 5372
3019 5112
3020 5092
3021 5095
3022 5095
3023 5095
3024 5095
3025 5375
3026 5066
3027 5161
3028 5066
3029 5046
3030 5038
3031 5037
3032 5038
3033 5095
3034 5072
3035 5373
3036 5199
3037 5095
3038 5073
3039 5072
3040 5072
3041 5073
3042 5073
3043 5155
3044 5155
3045 5074
3046 5074
3047 5155
3048 5155
3049 5075
3050 5075
3051 5039
3052 5039
3053 5154
3054 5069
3055 5067
3056 5067
3057 5016
3058 5015
3059 5160
3060 5019
3061 5019
3062 5020
3063 5028
3064 5020
3065 5069
3066 5060
3067 5018
3068 5017
3069 5154
3070 5156
3071 5155
3072 5156
3073 5156
3074 5156
3075 5060
3076 5157
3077 5159
3078 5159
3079 5156
3080 5158
3081 5156
3082 5437
3083 5060
3084 5059
3085 5162
3086 5162
3087 5409
3088 5409
3089 5210
3090 5409
3091 5441
3092 5058
3093 5158
3094 5437
3095 5158
3096 5158
3097 5438
3098 5434
3099 5434
3100 5434
3101 5434
3102 5398
3103 5438
3104 5401
3105 5434
3106 5401
3107 5439
3108 5439
3109 5401
3110 5401
3111 5427
3112 5427
3113 5400
3114 5422
3115 5409
3116 6335
3117 5380
3118 5379
3119 5409
3120 6335
3121 6335
3122 6335
3123 6335
3124 6335
3125 5385
3126 5385
3127 5413
3128 5413
3129 5385
3130 5387
3131 5410
3132 5410
3133 5387
3134 5410
3135 5415
3136 5417
3137 5410
3138 5417
3139 5395
3140 5395
3141 5392
3142 5392
3143 5433
3144 5433
3145 5395
3146 5420
3147 5433
3148 5399
3149 5399
3150 5399
3151 5434
3152 5399
3153 5398
3154 5398
3155 5399
3156 5399
3157 5608
3158 5608
3159 5440
3160 5440
3161 5440
3162 5440
3163 5403
3164 5423
3165 5430
3166 5383
3167 5383
3168 5384
3169 5573
3170 5573
3171 5573
3172 5573
3173 5384
3174 5384
3175 5386
3176 5386
3177 5388
3178 5389
3179 5703
3180 5747
3181 5396
3182 5609
3183 5608
3184 5608
3185 5608
3186 5608
3187 5385
3188 5384
3189 5384
3190 5385
3191 5399
3192 5396
3193 5397
3194 5398
3195 5417
3196 5390
3197 5393
3198 5393
3199 5400
3200 5403
3201 5424
3202 5421
3203 5384
3204 5387
3205 5747
3206 5420
3207 5398
3208 5397
3209 5440
3210 5398
3211 5382
3212 6335
3213 5387
3214 5391
3215 5402
3216 5401
3217 5605
3218 5605
3219 5605
3220 5718
3221 5717
3222 5497
3223 5656
3224 5662
3225 5645
3226 5688
3227 5530
3228 5485
3229 5485
3230 5713
3231 5713
3232 5713
3233 5713
3234 5485
3235 5448
3236 5446
3237 5556
3238 5556
3239 5554
3240 5716
3241 5701
3242 5539
3243 5605
3244 5605
3245 5605
3246 5605
3247 5573
3248 5484
3249 5485
3250 5481
3251 5549
3252 5718
3253 5718
3254 5549
3255 5484
3256 5573
3257 5521
3258 5718
3259 5718
3260 5521
3261 5484
3262 5573
3263 5745
3264 5568
3265 5482
3266 5570
3267 5494
3268 5404
3269 5553
3270 5564
3271 5740
3272 5430
3273 5474
3274 5566
3275 5532
3276 5691
3277 6084
3278 6081
3279 6071
3280 6073
3281 5751
3282 5635
3283 5636
3284 5460
3285 5461
3286 5457
3287 6160
3288 6169
3289 6184
3290 6182
3291 6182
3292 6182
3293 6195
3294 6201
3295 6217
3296 5507
3297 5504
3298 5600
3299 5732
3300 5519
3301 5593
3302 5651
3303 6081
3304 6084
3305 6076
3306 6063
3307 5545
3308 6071
3309 6071
3310 5545
3311 5713
3312 6170
3313 6183
3314 5712
3315 5544
3316 6069
3317 6183
3318 5712
3319 6071
3320 5542
3321 6215
3322 5709
3323 6073
3324 5604
3325 5506
3326 5557
3327 5462
3328 5632
3329 5603
3330 5468
3331 5458
3332 5671
3333 5593
3334 6239
3335 5472
3336 5692
3337 1678
3338 1677
3339 1675
3340 1675
3341 1679
3342 1707
3343 1677
3344 1707
3345 1677
3346 1676
3347 1673
3348 1673
3349 1676
3350 1676
3351 1737
3352 1734
3353 1637
3354 1638
3355 1386
3356 1671
3357 1735
3358 1634
3359 1234
3360 1669
3361 1668
3362 1669
3363 1387
3364 1718
3365 1669
3366 1718
3367 1390
3368 1718
3369 1718
3370 1718
3371 1390
3372 1719
3373 1718
3374 1719
3375 1390
3376 1719
3377 1719
3378 1719
3379 1390
3380 1719
3381 1719
3382 1719
3383 1714
3384 1714
3385 1719
3386 1714
3387 1710
3388 1710
3389 1714
3390 1709
3391 1680
3392 1642
3393 1711
3394 1681
3395 1639
3396 1642
3397 1619
3398 1740
3399 1681
3400 1739
3401 1698
3402 1712
3403 1640
3404 1653
3405 1740
3406 1656
3407 1651
3408 1654
3409 1708
3410 1652
3411 1654
3412 1654
3413 1694
3414 1613
3415 1651
3416 1651
3417 1613
3418 1654
3419 1614
3420 1614
3421 1663
3422 1695
3423 1614
3424 1613
3425 1915
3426 1915
3427 1614
3428 1573
3429 1915
3430 1614
3431 1691
3432 1691
3433 1579
3434 1691
3435 1742
3436 1742
3437 1692
3438 1557
3439 1692
3440 1692
3441 1692
3442 1692
3443 1557
3444 1557
3445 1557
3446 1557
3447 1557
3448 1557
3449 1556
3450 1693
3451 1556
3452 1556
3453 1693
3454 1693
3455 1946
3456 2874
3457 1951
3458 1951
3459 1946
3460 1946
3461 2874
3462 2874
3463 1951
3464 1951
3465 2874
3466 2874
3467 2874
3468 2874
3469 2874
3470 2874
3471 1923
3472 2874
3473 2874
3474 1923
3475 2874
3476 2874
3477 1923
3478 1923
3479 2874
3480 1951
3481 2874
3482 1951
3483 1925
3484 1925
3485 2874
3486 1950
3487 1923
3488 1923
3489 1705
3490 1705
3491 1622
3492 1696
3493 1715
3494 1712
3495 1706
3496 1705
3497 1706
3498 1706
3499 1705
3500 1720
3501 1658
3502 1703
3503 1658
3504 1658
3505 1704
3506 1705
3507 1643
3508 1643
3509 1657
3510 1643
3511 1643
3512 1658
3513 1624
3514 1625
3515 1623
3516 1624
3517 1625
3518 1623
3519 1605
3520 1605
3521 1624
3522 1606
3523 1606
3524 1606
3525 1688
3526 1721
3527 1605
3528 1688
3529 1721
3530 1605
3531 1689
3532 1689
3533 1688
3534 1689
3535 1689
3536 1721
3537 1978
3538 1974
3539 1690
3540 1690
3541 1690
3542 1690
3543 1975
3544 1975
3545 1978
3546 1975
3547 1975
3548 1974
3549 1936
3550 1936
3551 1937
3552 1936
3553 1972
3554 1972
3555 1933
3556 1933
3557 1936
3558 1959
3559 1959
3560 1936
3561 1950
3562 1950
3563 1949
3564 1934
3565 1925
3566 1934
3567 1749
3568 1649
3569 1652
3570 1649
3571 1748
3572 1751
3573 1751
3574 1751
3575 1636
3576 1751
3577 1751
3578 1751
3579 1735
3580 1645
3581 1648
3582 1645
3583 1719
3584 1720
3585 1719
3586 1720
3587 1717
3588 1704
3589 1717
3590 1704
3591 1703
3592 1703
3593 1717
3594 1704
3595 1703
3596 1703
3597 1670
3598 1746
3599 1747
3600 1747
3601 1631
3602 1632
3603 1731
3604 1733
3605 1684
3606 3013
3607 1900
3608 1736
3609 1643
3610 1643
3611 1900
3612 1644
3613 1643
3614 1644
3615 1732
3616 1627
3617 1644
3618 1627
3619 1661
3620 1723
3621 1627
3622 1630
3623 1646
3624 1566
3625 1723
3626 1566
3627 1664
3628 1665
3629 1566
3630 1565
3631 1664
3632 1665
3633 1665
3634 1665
3635 1650
3636 1650
3637 1665
3638 1650
3639 1663
3640 1650
3641 1695
3642 1665
3643 1743
3644 1573
3645 1744
3646 1574
3647 1564
3648 1916
3649 1573
3650 1574
3651 1573
3652 1573
3653 1574
3654 1916
3655 1724
3656 1724
3657 1608
3658 1607
3659 1628
3660 1611
3661 1610
3662 1611
3663 1626
3664 1917
3665 1611
3666 1917
3667 1626
3668 1625
3669 1625
3670 1625
3671 1625
3672 1625
3673 1625
3674 1606
3675 1917
3676 2873
3677 1611
3678 1612
3679 1722
3680 1722
3681 1562
3682 1612
3683 1610
3684 1728
3685 1609
3686 1728
3687 1605
3688 1722
3689 1608
3690 1596
3691 1593
3692 1596
3693 1574
3694 1572
3695 1575
3696 1572
3697 1573
3698 1572
3699 1915
3700 1572
3701 1691
3702 1691
3703 1742
3704 1742
3705 1572
3706 1742
3707 1572
3708 1572
3709 1572
3710 1579
3711 1691
3712 1579
3713 1572
3714 1579
3715 1579
3716 1579
3717 1580
3718 1580
3719 1579
3720 1579
3721 1594
3722 1594
3723 1581
3724 1555
3725 1561
3726 1561
3727 1552
3728 1726
3729 1722
3730 1563
3731 1560
3732 1563
3733 1722
3734 1721
3735 1721
3736 1721
3737 1721
3738 1721
3739 1578
3740 1692
3741 1692
3742 1692
3743 1578
3744 1578
3745 1692
3746 1578
3747 1578
3748 1578
3749 1578
3750 1578
3751 1555
3752 1554
3753 1558
3754 1587
3755 1560
3756 1727
3757 1554
3758 1727
3759 1563
3760 1584
3761 1583
3762 1583
3763 1721
3764 1689
3765 1584
3766 1584
3767 1689
3768 1689
3769 1557
3770 1557
3771 1557
3772 1557
3773 1557
3774 1557
3775 1557
3776 1557
3777 1558
3778 1557
3779 1556
3780 1556
3781 1554
3782 1586
3783 1556
3784 1559
3785 1750
3786 1750
3787 1957
3788 1954
3789 1585
3790 1582
3791 1964
3792 1973
3793 1585
3794 1585
3795 1974
3796 1974
3797 1973
3798 1974
3799 1556
3800 1556
3801 1556
3802 1556
3803 1556
3804 1556
3805 1951
3806 1951
3807 1556
3808 1951
3809 1951
3810 1951
3811 1952
3812 1952
3813 1951
3814 1951
3815 1954
3816 1932
3817 1949
3818 1931
3819 1973
3820 1973
3821 1958
3822 1958
3823 1974
3824 1974
3825 1972
3826 1975
3827 1975
3828 1975
3829 1972
3830 1958
3831 1932
3832 1932
3833 1951
3834 1951
3835 1655
3836 1616
3837 1740
3838 1666
3839 1618
3840 1618
3841 1622
3842 1621
3843 1738
3844 1700
3845 1706
3846 1660
3847 1910
3848 1660
3849 1659
3850 1657
3851 1660
3852 1657
3853 1643
3854 1657
3855 1613
3856 1616
3857 1616
3858 1615
3859 1614
3860 1615
3861 1738
3862 1752
3863 1617
3864 1752
3865 1700
3866 1701
3867 1752
3868 1701
3869 1660
3870 1643
3871 1702
3872 1623
3873 1643
3874 1623
3875 1623
3876 1624
3877 1624
3878 1624
3879 1702
3880 1911
3881 1624
3882 1911
3883 1752
3884 1576
3885 1912
3886 1912
3887 1617
3888 1577
3889 1576
3890 1577
3891 1914
3892 1914
3893 1568
3894 1568
3895 1597
3896 1597
3897 1571
3898 1571
3899 1568
3900 1570
3901 1730
3902 1730
3903 1601
3904 1600
3905 1624
3906 1603
3907 1605
3908 1605
3909 1604
3910 1604
3911 1605
3912 1688
3913 1688
3914 1688
3915 1600
3916 1685
3917 1688
3918 1685
3919 1601
3920 1601
3921 1599
3922 1602
3923 1569
3924 1569
3925 1549
3926 1546
3927 1692
3928 1550
3929 1546
3930 1547
3931 1557
3932 1551
3933 1602
3934 1591
3935 1547
3936 1548
3937 1685
3938 1686
3939 1591
3940 1590
3941 1688
3942 1687
3943 1686
3944 1687
3945 1687
3946 1687
3947 1551
3948 1693
3949 1693
3950 1693
3951 1548
3952 1741
3953 1948
3954 1741
3955 1686
3956 1980
3957 1592
3958 1589
3959 1687
3960 1690
3961 1976
3962 1978
3963 1978
3964 1978
3965 1693
3966 1946
3967 1946
3968 1946
3969 1741
3970 1971
3971 1946
3972 1971
3973 1968
3974 1977
3975 1965
3976 1968
3977 1978
3978 1978
3979 1942
3980 1942
3981 1975
3982 1942
3983 1946
3984 2874
3985 2874
3986 2874
3987 1971
3988 1921
3989 2874
3990 1918
3991 1939
3992 1939
3993 1960
3994 1940
3995 1942
3996 1941
3997 1941
3998 1941
3999 1937
4000 1937
4001 1941
4002 1937
4003 1936
4004 1935
4005 1935
4006 1935
4007 2243
4008 2243
4009 1935
4010 2286
4011 1925
4012 1926
4013 2242
4014 1926
4015 1923
4016 1923
4017 1924
4018 1924
4019 1923
4020 1923
4021 1924
4022 1924
4023 1923
4024 1923
4025 1924
4026 1924
4027 2874
4028 1923
4029 1923
4030 1923
4031 2874
4032 1923
4033 1923
4034 1923
4035 1919
4036 1919
4037 1923
4038 1923
4039 2244
4040 2106
4041 2108
4042 2108
4043 2032
4044 2032
4045 2087
4046 2087
4047 2026
4048 2016
4049 2097
4050 2017
4051 2023
4052 2022
4053 2024
4054 2024
4055 2024
4056 2022
4057 2022
4058 2023
4059 2112
4060 2112
4061 1969
4062 1922
4063 2112
4064 1922
4065 1935
4066 2088
4067 2099
4068 2103
4069 1924
4070 2022
4071 2023
4072 1924
4073 1940
4074 1943
4075 2108
4076 1941
4077 2018
4078 2109
4079 2112
4080 1924
4081 2059
4082 1938
4083 2023
4084 1924
4085 1922
4086 1923
4087 1919
4088 1922
4089 1969
4090 1961
4091 2199
4092 2171
4093 2064
4094 2063
4095 2063
4096 2697
4097 2697
4098 2278
4099 2772
4100 2054
4101 1981
4102 1990
4103 2115
4104 2712
4105 2710
4106 2723
4107 2723
4108 2723
4109 2710
4110 2710
4111 2704
4112 2250
4113 2212
4114 2221
4115 2287
4116 2224
4117 2024
4118 2253
4119 2710
4120 2252
4121 2208
4122 2211
4123 2192
4124 2060
4125 2704
4126 2024
4127 2143
4128 2031
4129 2252
4130 2022
4131 2081
4132 2284
4133 2069
4134 2073
4135 2084
4136 2284
4137 2230
4138 2226
4139 2007
4140 2093
4141 1986
4142 1988
4143 2276
4144 2510
4145 2588
4146 2633
4147 2643
4148 2677
4149 2677
4150 2669
4151 2487
4152 2378
4153 2388
4154 2186
4155 2181
4156 2181
4157 2765
4158 2766
4159 2745
4160 2746
4161 2746
4162 2753
4163 2766
4164 2762
4165 2368
4166 2274
4167 2125
4168 2125
4169 2623
4170 2643
4171 2627
4172 2597
4173 1996
4174 2259
4175 2270
4176 2000
4177 2379
4178 2268
4179 2706
4180 2761
4181 2162
4182 1992
4183 2769
4184 2737
4185 2745
4186 2729
4187 2494
4188 2062
4189 2746
4190 2729
4191 2619
4192 2612
4193 2753
4194 2723
4195 1229
4196 1229
4197 1229
4198 3042
4199 1244
4200 2889
4201 1849
4202 1238
4203 4428
4204 4862
4205 4862
4206 4862
4207 5365
4208 4866
4209 4866
4210 4865
4211 5010
4212 4851
4213 4850
4214 626
4215 626
4216 627
4217 1310
4218 1311
4219 788
4220 788
4221 1310
4222 1314
4223 1314
4224 1315
4225 788
4226 1310
4227 788
4228 626
4229 1376
4230 1682
4231 1377
4232 1376
4233 1377
4234 1391
4235 1391
4236 1391
4237 1390
4238 1390
4239 1390
4240 1390
4241 1390
4242 1390
4243 1389
4244 1389
4245 1389
4246 1389
4247 1904
4248 1904
4249 6348
4250 5310
4251 4724
4252 4198
4253 5325
4254 5342
4255 3731
4256 4306
4257 223
4258 3665
4259 3665
4260 3665
4261 3665
4262 152
4263 153
4264 152
4265 3724
4266 3942
4267 3796
4268 3726
4269 300
4270 298
4271 298
4272 298
4273 3809
4274 3664
4275 3810
4276 451
4277 214
4278 334
4279 451
4280 206
4281 206
4282 206
4283 3720
4284 3719
4285 151
4286 151
4287 151
4288 217
4289 4791
4290 3011
4291 789
4292 789
4293 789
4294 1904
4295 1904
4296 1904
4297 1830
4298 1874
4299 1443
4300 1443
4301 1444
4302 1444
4303 1505
4304 2821
4305 2821
4306 2821
4307 2821
4308 2821
4309 1542
4310 2822
4311 1542
4312 1542
4313 1904
4314 1541
4315 1904
4316 1541
4317 1541
4318 1541
4319 1311
4320 1311
4321 1311
4322 789
4323 1315
4324 1315
4325 1315
4326 1315
4327 1379
4328 1379
4329 1379
4330 1379
4331 1378
4332 1378
4333 1394
4334 1394
4335 1393
4336 1393
4337 1393
4338 1393
4339 1389
4340 1389
4341 1389
4342 1389
4343 1393
4344 1393
4345 1393
4346 1393
4347 1394
4348 1394
4349 1394
4350 1377
4351 1376
4352 1379
4353 1376
4354 1376
4355 1679
4356 1314
4357 1314
4358 1310
4359 4712
4360 4117
4361 4117
4362 4116
4363 4116
4364 4116
4365 4115
4366 4116
4367 4116
4368 4116
4369 4115
4370 4116
4371 4871
4372 4871
4373 4868
4374 4870
4375 4855
4376 4856
4377 4856
4378 4717
4379 4717
4380 4886
4381 4744
4382 5365
4383 4744
4384 4862
4385 4862
4386 4862
4387 4862
4388 4863
4389 4863
4390 4860
4391 4863
4392 4863
4393 4863
4394 4862
4395 4862
4396 4862
4397 4862
4398 4862
4399 4861
4400 4861
4401 4861
4402 4866
4403 4867
4404 4867
4405 4852
4406 4849
4407 4852
4408 4849
4409 4849
4410 4790
4411 4795
4412 4790
4413 4790
4414 5145
4415 5145
4416 5145
4417 5145
4418 5144
4419 5147
4420 5147
4421 5147
4422 5147
4423 5147
4424 5218
4425 5147
4426 4860
4427 4861
4428 4861
4429 4861
4430 5189
4431 5189
4432 4860
4433 4860
4434 4857
4435 4858
4436 4857
4437 5206
4438 5143
4439 4869
4440 4868
4441 4868
4442 5145
4443 5145
4444 5145
4445 5145
4446 4114
4447 4114
4448 4114
4449 4114
4450 4115
4451 4115
4452 5144
4453 4115
4454 4115
4455 4114
4456 5144
4457 4115
4458 4114
4459 4114
4460 4114
4461 4114
4462 4791
4463 4790
4464 4790
4465 4276
4466 4850
4467 4851
4468 4849
4469 4795
4470 4866
4471 4866
4472 4866
4473 4865
4474 4862
4475 4862
4476 4862
4477 4862
4478 5365
4479 5365
4480 4862
4481 4862
4482 5144
4483 5144
4484 5143
4485 4115
4486 5107
4487 5106
4488 5106
4489 5147
4490 5105
4491 5142
4492 5106
4493 5105
4494 5140
4495 5141
4496 5204
4497 5101
4498 5146
4499 5146
4500 5146
4501 5146
4502 5185
4503 5146
4504 5185
4505 5185
4506 5148
4507 5148
4508 5148
4509 5149
4510 5151
4511 5151
4512 4852
4513 4852
4514 4867
4515 4867
4516 4867
4517 4867
4518 4862
4519 4862
4520 4866
4521 4866
4522 4861
4523 4861
4524 4861
4525 4861
4526 1389
4527 1393
4528 1393
4529 1393
4530 1389
4531 1389
4532 1393
4533 1393
4534 1904
4535 1904
4536 1392
4537 1392
4538 1392
4539 1392
4540 5365
4541 5365
4542 5365
4543 5188
4544 4861
4545 4861
4546 4861
4547 5188
4548 5189
4549 5186
4550 5186
4551 5188
4552 5188
4553 5188
4554 5188
4555 5187
4556 5174
4557 5172
4558 5174
4559 5205
4560 5205
4561 5112
4562 5205
4563 5092
4564 5092
4565 5094
4566 5092
4567 5094
4568 5073
4569 5073
4570 5073
4571 5074
4572 5074
4573 5074
4574 5074
4575 5190
4576 5190
4577 5159
4578 5190
4579 5159
4580 5158
4581 5158
4582 5158
4583 5052
4584 5052
4585 5435
4586 5435
4587 5435
4588 5435
4589 5435
4590 5435
4591 5434
4592 5435
4593 5433
4594 5433
4595 5433
4596 5433
4597 5433
4598 5433
4599 5436
4600 5425
4601 5425
4602 5419
4603 5416
4604 5416
4605 5415
4606 5415
4607 5118
4608 5118
4609 5121
4610 5220
4611 5121
4612 5132
4613 5132
4614 5133
4615 5085
4616 5044
4617 5376
4618 5044
4619 5041
4620 5211
4621 5211
4622 5211
4623 5161
4624 5161
4625 5160
4626 5161
4627 5160
4628 5028
4629 5028
4630 5160
4631 5028
4632 5025
4633 5025
4634 5025
4635 5412
4636 5412
4637 5412
4638 5412
4639 5412
4640 5413
4641 5412
4642 5412
4643 5026
4644 5027
4645 5026
4646 5026
4647 5026
4648 5411
4649 5411
4650 5055
4651 5418
4652 5418
4653 5418
4654 5418
4655 5218
4656 5220
4657 5220
4658 5220
4659 5133
4660 5134
4661 5133
4662 5133
4663 5220
4664 5220
4665 5134
4666 5220
4667 5115
4668 5220
4669 5134
4670 5115
4671 5104
4672 5115
4673 5114
4674 5114
4675 5102
4676 5102
4677 5153
4678 5152
4679 5133
4680 5133
4681 5134
4682 5133
4683 5116
4684 5133
4685 5036
4686 5036
4687 5117
4688 5036
4689 5035
4690 5035
4691 5194
4692 5194
4693 5192
4694 5131
4695 5215
4696 5137
4697 5216
4698 5215
4699 5205
4700 5205
4701 5361
4702 5205
4703 5188
4704 5188
4705 5188
4706 5188
4707 5172
4708 5361
4709 5205
4710 5172
4711 5172
4712 5172
4713 5175
4714 5175
4715 5205
4716 5205
4717 5205
4718 5112
4719 5093
4720 5113
4721 5113
4722 5113
4723 5099
4724 5093
4725 5113
4726 5099
4727 5077
4728 5193
4729 5193
4730 5034
4731 5076
4732 5034
4733 5033
4734 5377
4735 5377
4736 5377
4737 5033
4738 5377
4739 5043
4740 5043
4741 5213
4742 5043
4743 5044
4744 5043
4745 5213
4746 5044
4747 5041
4748 5041
4749 5041
4750 5211
4751 5041
4752 5041
4753 5041
4754 5041
4755 5042
4756 5042
4757 5042
4758 5042
4759 5062
4760 5063
4761 5063
4762 5063
4763 5197
4764 5077
4765 5062
4766 5197
4767 5079
4768 5080
4769 5078
4770 5079
4771 5094
4772 5094
4773 5094
4774 5094
4775 5092
4776 5093
4777 5094
4778 5094
4779 5050
4780 5050
4781 5161
4782 5047
4783 5050
4784 5050
4785 5047
4786 5050
4787 5050
4788 5050
4789 5047
4790 5050
4791 5049
4792 5049
4793 5048
4794 5064
4795 5065
4796 5065
4797 5021
4798 5198
4799 5032
4800 5032
4801 5032
4802 5031
4803 6334
4804 5191
4805 5191
4806 5073
4807 5073
4808 5073
4809 5073
4810 5073
4811 5191
4812 5191
4813 5191
4814 5190
4815 5030
4816 5190
4817 5190
4818 5030
4819 5053
4820 5030
4821 5030
4822 5030
4823 5023
4824 5021
4825 5021
4826 5022
4827 5027
4828 5022
4829 5048
4830 5027
4831 5027
4832 5047
4833 5047
4834 5047
4835 5027
4836 5047
4837 5047
4838 5160
4839 5028
4840 5160
4841 5160
4842 5160
4843 5028
4844 5028
4845 5025
4846 5025
4847 5028
4848 5028
4849 5028
4850 5025
4851 5025
4852 5025
4853 5025
4854 5025
4855 5026
4856 5027
4857 5025
4858 5025
4859 5412
4860 5025
4861 5025
4862 5412
4863 5411
4864 5411
4865 5411
4866 5411
4867 5056
4868 5024
4869 5023
4870 5023
4871 5055
4872 5056
4873 5056
4874 5056
4875 5196
4876 5029
4877 5029
4878 5195
4879 5191
4880 5031
4881 5031
4882 5191
4883 5378
4884 5378
4885 5378
4886 6334
4887 5080
4888 5099
4889 5098
4890 5098
4891 5096
4892 5202
4893 5202
4894 5130
4895 5186
4896 5186
4897 5186
4898 5175
4899 5139
4900 5138
4901 5138
4902 4715
4903 4715
4904 4715
4905 4716
4906 4714
4907 4744
4908 4863
4909 4744
4910 5196
4911 5196
4912 5024
4913 5196
4914 5219
4915 5414
4916 5414
4917 5414
4918 5052
4919 5053
4920 5054
4921 5051
4922 5436
4923 5051
4924 5051
4925 5436
4926 5159
4927 5190
4928 5053
4929 5159
4930 5159
4931 5052
4932 5052
4933 5052
4934 5053
4935 5053
4936 5053
4937 5053
4938 5052
4939 5052
4940 5052
4941 5052
4942 5052
4943 5052
4944 5052
4945 5052
4946 5435
4947 5435
4948 5435
4949 5435
4950 5435
4951 5435
4952 5435
4953 5435
4954 626
4955 627
4956 626
4957 626
4958 1389
4959 1259
4960 1389
4961 1389
4962 1259
4963 1389
4964 1388
4965 1388
4966 1259
4967 1388
4968 1388
4969 1388
4970 1414
4971 1233
4972 1233
4973 1232
4974 790
4975 1385
4976 1385
4977 1381
4978 1396
4979 1397
4980 1397
4981 1398
4982 1396
4983 629
4984 628
4985 628
4986 5188
4987 5188
4988 5188
4989 5187
4990 5183
4991 5183
4992 5188
4993 5183
4994 5151
4995 5181
4996 5178
4997 5180
4998 5108
4999 5149
5000 5109
5001 5109
5002 5176
5003 5176
5004 5176
5005 5176
5006 5119
5007 5177
5008 5122
5009 5119
5010 5123
5011 5123
5012 5110
5013 5110
5014 5088
5015 5209
5016 5180
5017 5166
5018 5174
5019 5174
5020 5187
5021 5174
5022 5174
5023 5174
5024 5187
5025 5174
5026 5205
5027 5205
5028 5205
5029 5112
5030 5127
5031 5128
5032 5126
5033 5126
5034 5091
5035 5090
5036 5371
5037 5171
5038 5083
5039 5124
5040 5135
5041 5083
5042 5163
5043 5125
5044 5082
5045 5082
5046 5376
5047 5085
5048 5085
5049 5376
5050 5045
5051 5084
5052 5086
5053 5086
5054 5170
5055 5221
5056 5170
5057 5169
5058 5092
5059 5112
5060 5092
5061 5092
5062 5092
5063 5092
5064 5092
5065 5112
5066 5211
5067 5375
5068 5211
5069 5211
5070 5038
5071 5037
5072 5066
5073 5045
5074 5199
5075 5373
5076 5373
5077 5374
5078 5095
5079 5072
5080 5095
5081 5095
5082 5073
5083 5095
5084 5095
5085 5073
5086 5074
5087 5074
5088 5074
5089 5074
5090 5075
5091 5074
5092 5074
5093 5074
5094 5070
5095 5071
5096 5071
5097 5071
5098 5040
5099 5040
5100 5039
5101 5040
5102 5161
5103 5161
5104 5067
5105 5160
5106 5028
5107 5160
5108 5028
5109 5028
5110 5018
5111 5015
5112 5015
5113 5016
5114 5156
5115 5155
5116 5155
5117 5155
5118 5154
5119 5061
5120 5069
5121 5068
5122 5159
5123 5155
5124 5155
5125 5155
5126 5025
5127 5025
5128 5162
5129 5162
5130 5407
5131 5407
5132 5018
5133 5210
5134 5058
5135 5058
5136 5061
5137 5441
5138 5158
5139 5437
5140 5156
5141 5158
5142 5158
5143 5158
5144 5159
5145 5158
5146 5434
5147 5434
5148 5435
5149 5434
5150 5438
5151 5438
5152 5434
5153 5438
5154 5438
5155 5438
5156 5438
5157 5438
5158 5429
5159 5439
5160 5429
5161 5426
5162 5408
5163 5432
5164 5408
5165 5408
5166 6335
5167 5409
5168 5409
5169 6335
5170 6335
5171 6335
5172 6335
5173 6335
5174 5413
5175 5413
5176 5413
5177 5413
5178 5413
5179 5413
5180 5413
5181 5410
5182 5417
5183 5418
5184 5410
5185 5417
5186 5415
5187 5415
5188 5392
5189 5392
5190 5419
5191 5395
5192 5419
5193 5419
5194 5433
5195 5433
5196 5399
5197 5433
5198 5434
5199 5434
5200 5434
5201 5434
5202 5433
5203 5433
5204 5399
5205 5434
5206 5385
5207 5385
5208 5384
5209 5385
5210 5399
5211 5399
5212 5396
5213 5396
5214 5392
5215 5390
5216 5393
5217 5393
5218 5428
5219 5400
5220 5406
5221 5422
5222 5385
5223 5384
5224 5384
5225 5385
5226 5420
5227 5394
5228 5704
5229 5420
5230 5398
5231 5398
5232 5397
5233 5398
5234 5379
5235 5381
5236 5381
5237 5382
5238 5387
5239 5387
5240 5384
5241 5387
5242 5399
5243 5399
5244 5396
5245 5399
5246 5398
5247 5398
5248 5440
5249 5402
5250 5385
5251 5385
5252 5384
5253 5385
5254 5391
5255 5387
5256 5391
5257 5391
5258 5398
5259 5397
5260 5397
5261 5397
5262 5401
5263 5402
5264 5402
5265 5402
5266 5573
5267 5483
5268 5485
5269 5483
5270 5549
5271 5548
5272 5718
5273 5745
5274 5573
5275 5484
5276 5485
5277 5483
5278 5521
5279 5745
5280 5718
5281 5548
5282 5573
5283 5483
5284 5484
5285 5483
5286 5568
5287 5495
5288 5745
5289 5495
5290 5570
5291 5481
5292 5482
5293 5480
5294 5568
5295 5520
5296 5492
5297 5568
5298 5572
5299 5479
5300 5478
5301 5560
5302 5405
5303 5567
5304 5667
5305 5669
5306 5565
5307 5559
5308 5477
5309 5475
5310 5431
5311 5702
5312 5643
5313 5691
5314 5550
5315 5486
5316 5582
5317 5548
5318 5573
5319 5534
5320 5484
5321 5483
5322 5521
5323 5745
5324 5718
5325 5745
5326 5545
5327 6074
5328 6084
5329 6074
5330 5712
5331 6164
5332 6171
5333 6171
5334 5545
5335 6056
5336 6063
5337 6074
5338 5712
5339 6171
5340 6183
5341 6171
5342 5545
5343 6074
5344 6071
5345 6074
5346 5710
5347 6164
5348 6204
5349 6163
5350 5542
5351 5654
5352 6073
5353 5524
5354 5449
5355 5576
5356 6162
5357 5451
5358 5604
5359 5524
5360 5525
5361 5634
5362 5555
5363 5445
5364 5505
5365 5503
5366 5660
5367 5465
5368 5463
5369 5459
5370 5612
5371 5510
5372 5598
5373 5513
5374 5684
5375 5674
5376 5611
5377 5685
5378 6234
5379 6237
5380 5649
5381 6232
5382 5714
5383 5748
5384 6167
5385 5711
5386 1716
5387 1678
5388 1677
5389 1707
5390 1678
5391 1678
5392 1678
5393 1678
5394 1673
5395 1675
5396 1675
5397 1675
5398 1674
5399 1674
5400 1673
5401 1398
5402 1672
5403 1734
5404 1384
5405 1672
5406 1668
5407 1231
5408 1231
5409 1234
5410 1718
5411 1234
5412 1387
5413 1387
5414 1718
5415 1387
5416 1387
5417 1387
5418 1719
5419 1390
5420 1390
5421 1390
5422 1719
5423 1390
5424 1390
5425 1390
5426 1719
5427 1719
5428 1390
5429 1719
5430 1714
5431 1719
5432 1392
5433 1714
5434 1709
5435 1709
5436 1709
5437 1709
5438 1681
5439 1710
5440 1682
5441 1682
5442 1680
5443 1639
5444 1639
5445 1680
5446 1711
5447 1739
5448 1713
5449 1713
5450 1656
5451 1641
5452 1641
5453 1641
5454 1653
5455 1652
5456 1651
5457 1654
5458 1651
5459 1651
5460 1694
5461 1654
5462 1694
5463 1694
5464 1614
5465 1695
5466 1614
5467 1573
5468 1915
5469 1915
5470 1691
5471 1691
5472 1691
5473 1691
5474 1692
5475 1692
5476 1692
5477 1692
5478 1557
5479 1557
5480 1557
5481 1557
5482 1556
5483 1556
5484 1556
5485 1556
5486 1951
5487 1951
5488 1946
5489 1946
5490 2874
5491 2874
5492 2874
5493 2874
5494 2874
5495 2874
5496 2874
5497 2874
5498 2874
5499 2874
5500 2874
5501 2874
5502 1950
5503 1950
5504 1950
5505 2874
5506 2874
5507 1951
5508 1951
5509 1951
5510 1698
5511 1697
5512 1697
5513 1715
5514 1705
5515 1706
5516 1705
5517 1705
5518 1706
5519 1706
5520 1703
5521 1706
5522 1736
5523 1657
5524 1643
5525 1736
5526 1623
5527 1623
5528 1624
5529 1623
5530 1606
5531 1606
5532 1606
5533 1606
5534 1605
5535 1605
5536 1688
5537 1605
5538 1688
5539 1689
5540 1689
5541 1689
5542 1690
5543 1690
5544 1690
5545 1690
5546 1974
5547 1978
5548 1975
5549 1974
5550 1972
5551 1936
5552 1936
5553 1972
5554 1936
5555 1959
5556 1959
5557 1959
5558 1956
5559 1931
5560 1956
5561 1949
5562 2874
5563 1923
5564 1923
5565 2874
5566 1649
5567 1708
5568 1749
5569 1749
5570 1748
5571 1751
5572 1749
5573 1749
5574 1748
5575 1751
5576 1748
5577 1748
5578 1635
5579 1648
5580 1636
5581 1638
5582 1714
5583 1715
5584 1714
5585 1714
5586 1720
5587 1720
5588 1720
5589 1719
5590 1720
5591 1705
5592 1720
5593 1719
5594 1717
5595 1717
5596 1717
5597 1704
5598 1717
5599 1717
5600 1717
5601 1704
5602 1746
5603 1670
5604 1717
5605 1746
5606 1632
5607 1667
5608 1745
5609 1745
5610 1633
5611 1633
5612 1683
5613 1634
5614 1736
5615 1658
5616 1736
5617 1643
5618 1900
5619 1736
5620 1736
5621 1736
5622 1900
5623 1736
5624 1644
5625 1732
5626 1662
5627 1662
5628 1630
5629 1661
5630 1725
5631 1725
5632 1725
5633 1723
5634 1647
5635 1647
5636 1646
5637 1565
5638 1664
5639 1664
5640 1664
5641 1665
5642 1650
5643 1650
5644 1664
5645 1650
5646 1650
5647 1650
5648 1650
5649 1650
5650 1663
5651 1663
5652 1663
5653 1663
5654 1574
5655 1744
5656 1744
5657 1744
5658 1573
5659 1695
5660 1744
5661 1573
5662 1916
5663 1744
5664 1744
5665 1564
5666 1608
5667 1567
5668 1567
5669 1724
5670 1610
5671 1724
5672 1629
5673 1629
5674 1917
5675 1628
5676 1628
5677 1628
5678 1625
5679 1626
5680 1626
5681 1626
5682 1625
5683 1623
5684 1623
5685 1623
5686 2873
5687 1625
5688 1606
5689 2873
5690 1612
5691 1917
5692 2873
5693 1612
5694 1728
5695 1610
5696 1609
5697 1609
5698 1606
5699 1606
5700 1625
5701 1606
5702 1596
5703 1607
5704 1593
5705 1593
5706 1575
5707 1916
5708 1575
5709 1575
5710 1915
5711 1572
5712 1742
5713 1742
5714 1572
5715 1572
5716 1915
5717 1572
5718 1573
5719 1572
5720 1572
5721 1572
5722 1579
5723 1579
5724 1579
5725 1579
5726 1579
5727 1579
5728 1572
5729 1579
5730 1579
5731 1579
5732 1579
5733 1579
5734 1595
5735 1580
5736 1595
5737 1594
5738 1729
5739 1729
5740 1729
5741 1561
5742 1563
5743 1562
5744 1562
5745 1562
5746 1721
5747 1722
5748 1722
5749 1722
5750 1721
5751 1722
5752 1605
5753 1605
5754 1692
5755 1692
5756 1692
5757 1692
5758 1578
5759 1578
5760 1578
5761 1579
5762 1578
5763 1578
5764 1578
5765 1578
5766 1555
5767 1581
5768 1578
5769 1581
5770 1726
5771 1553
5772 1552
5773 1726
5774 1584
5775 1583
5776 1560
5777 1560
5778 1689
5779 1584
5780 1584
5781 1721
5782 1689
5783 1689
5784 1721
5785 1689
5786 1557
5787 1557
5788 1557
5789 1557
5790 1557
5791 1557
5792 1557
5793 1557
5794 1557
5795 1557
5796 1557
5797 1557
5798 1559
5799 1556
5800 1558
5801 1558
5802 1953
5803 1588
5804 1588
5805 1553
5806 1582
5807 1582
5808 1750
5809 1582
5810 1690
5811 1690
5812 1690
5813 1690
5814 1585
5815 1585
5816 1585
5817 1585
5818 1556
5819 1556
5820 1556
5821 1556
5822 1556
5823 1556
5824 1556
5825 1556
5826 1556
5827 1556
5828 1556
5829 1556
5830 1951
5831 1951
5832 1951
5833 1556
5834 1954
5835 1955
5836 1957
5837 1955
5838 1973
5839 1958
5840 1964
5841 1964
5842 1974
5843 1973
5844 1973
5845 1974
5846 1974
5847 1974
5848 1974
5849 1974
5850 1972
5851 1972
5852 1972
5853 1972
5854 1958
5855 1958
5856 1958
5857 1958
5858 1929
5859 1934
5860 1929
5861 1928
5862 1951
5863 1951
5864 1951
5865 1951
5866 1951
5867 1951
5868 1951
5869 1951
5870 1666
5871 1666
5872 1655
5873 1666
5874 1620
5875 1619
5876 1620
5877 1620
5878 1696
5879 1909
5880 1910
5881 1659
5882 1659
5883 1659
5884 1660
5885 1659
5886 1658
5887 1657
5888 1657
5889 1658
5890 1654
5891 1654
5892 1613
5893 1655
5894 1615
5895 1616
5896 1614
5897 1615
5898 1618
5899 1617
5900 1617
5901 1618
5902 1738
5903 1738
5904 1701
5905 1700
5906 1699
5907 1699
5908 1699
5909 1699
5910 1643
5911 1643
5912 1643
5913 1657
5914 1623
5915 1623
5916 1623
5917 1624
5918 1624
5919 1623
5920 1702
5921 1911
5922 1912
5923 1912
5924 1701
5925 1912
5926 1577
5927 1576
5928 1617
5929 1577
5930 1914
5931 1914
5932 1615
5933 1915
5934 1597
5935 1742
5936 1742
5937 1597
5938 1571
5939 1571
5940 1568
5941 1571
5942 1730
5943 1913
5944 1913
5945 1913
5946 1606
5947 1624
5948 1603
5949 1606
5950 1603
5951 1603
5952 1603
5953 1603
5954 1605
5955 1605
5956 1605
5957 1688
5958 1685
5959 1604
5960 1604
5961 1604
5962 1599
5963 1600
5964 1600
5965 1601
5966 1570
5967 1570
5968 1570
5969 1569
5970 1598
5971 1598
5972 1598
5973 1691
5974 1550
5975 1550
5976 1692
5977 1550
5978 1549
5979 1549
5980 1546
5981 1548
5982 1599
5983 1599
5984 1602
5985 1590
5986 1688
5987 1688
5988 1685
5989 1687
5990 1689
5991 1688
5992 1688
5993 1687
5994 1551
5995 1551
5996 1557
5997 1551
5998 1547
5999 1547
6000 1948
6001 1548
6002 1591
6003 1591
6004 1592
6005 1589
6006 1687
6007 1976
6008 1976
6009 1690
6010 1690
6011 1690
6012 1690
6013 1690
6014 1693
6015 1693
6016 1693
6017 1693
6018 1948
6019 1948
6020 1947
6021 1741
6022 1592
6023 1965
6024 1966
6025 1968
6026 1978
6027 1977
6028 1977
6029 1978
6030 1978
6031 1978
6032 1978
6033 1975
6034 1946
6035 1946
6036 1946
6037 1946
6038 1947
6039 1947
6040 1918
6041 1921
6042 1966
6043 1960
6044 1963
6045 1967
6046 1942
6047 1939
6048 1942
6049 1942
6050 1937
6051 1975
6052 1937
6053 1937
6054 1936
6055 1937
6056 1935
6057 1936
6058 1936
6059 1935
6060 1935
6061 2286
6062 1926
6063 1929
6064 2242
6065 1927
6066 1923
6067 1923
6068 1924
6069 1923
6070 1923
6071 1923
6072 1923
6073 1923
6074 1923
6075 1923
6076 1923
6077 1923
6078 2874
6079 1923
6080 1923
6081 2874
6082 2874
6083 2874
6084 1923
6085 2874
6086 2874
6087 2874
6088 1923
6089 1923
6090 2148
6091 2148
6092 2025
6093 2104
6094 1924
6095 2023
6096 2022
6097 2112
6098 1941
6099 1940
6100 1979
6101 1979
6102 2110
6103 2102
6104 2020
6105 2109
6106 1924
6107 1924
6108 2112
6109 1924
6110 1938
6111 1979
6112 2108
6113 1938
6114 1924
6115 2112
6116 2023
6117 2023
6118 1923
6119 1924
6120 1924
6121 1924
6122 1938
6123 2147
6124 2059
6125 2147
6126 1919
6127 1919
6128 1970
6129 1920
6130 1924
6131 2023
6132 2022
6133 2023
6134 1923
6135 1924
6136 1922
6137 1922
6138 1944
6139 1962
6140 1945
6141 1940
6142 2024
6143 2252
6144 2704
6145 2252
6146 2206
6147 2202
6148 2197
6149 2065
6150 2024
6151 2252
6152 2710
6153 2252
6154 2032
6155 2035
6156 2144
6157 2035
6158 2024
6159 2252
6160 2253
6161 2024
6162 2284
6163 2257
6164 2081
6165 2257
6166 2023
6167 2024
6168 2252
6169 2022
6170 2284
6171 2143
6172 2081
6173 2143
6174 2235
6175 2229
6176 2183
6177 2185
6178 2120
6179 2080
6180 2078
6181 2255
6182 2230
6183 2071
6184 2070
6185 2071
6186 2017
6187 2096
6188 2095
6189 1985
6190 2022
6191 1987
6192 2248
6193 2024
6194 2610
6195 2619
6196 2685
6197 2631
6198 2150
6199 2134
6200 2179
6201 1998
6202 2131
6203 2511
6204 2497
6205 2058
6206 2009
6207 2714
6208 2258
6209 1994
6210 2046
6211 2222
6212 2128
6213 2160
6214 2756
6215 2164
6216 2181
6217 2761
6218 2735
6219 2765
6220 2766
6221 2745
6222 2001
6223 2198
6224 2291
6225 2152
6226 2729
6227 2746
6228 2746
6229 2730
6230 2194
6231 2617
6232 2589
6233 2618
6234 2719
6235 2730
6236 2746
6237 2730
6238 2610
6239 2622
6240 2640
6241 2619
6242 2708
6243 2726
6244 2762
6245 2716
6246 1244
6247 1244
6248 2889
6249 2889
6250 1849
6251 1849
6252 1821
6253 1238
6254 5365
6255 4862
6256 4866
6257 5365
6258 5365
6259 4866
6260 4865
6261 4865
6262 4851
6263 4851
6264 4794
6265 626
6266 626
6267 1310
6268 1311
6269 1311
6270 788
6271 1315
6272 1310
6273 1314
6274 1314
6275 626
6276 1716
6277 1310
6278 788
6279 1376
6280 1680
6281 1377
6282 1377
6283 1377
6284 1391
6285 1391
6286 1391
6287 1390
6288 1390
6289 1390
6290 1390
6291 1389
6292 1390
6293 1389
6294 1389
6295 1389
6296 1389
6297 1904
6298 1904
6299 4727
6300 6348
6301 6348
6302 4269
6303 6470
6304 440
6305 223
6306 224
6307 3665
6308 3665
6309 3663
6310 153
6311 153
6312 3768
6313 3839
6314 3796
6315 301
6316 300
6317 298
6318 298
6319 3664
6320 3663
6321 3810
6322 451
6323 214
6324 284
6325 334
6326 209
6327 206
6328 3723
6329 216
6330 151
6331 151
6332 285
6333 3814
6334 302
6335 3011
6336 789
6337 789
6338 1904
6339 1904
6340 1406
6341 2821
6342 2821
6343 2821
6344 2821
6345 1542
6346 2822
6347 1542
6348 1542
6349 1904
6350 1904
6351 1541
6352 1541
6353 1311
6354 1311
6355 1311
6356 789
6357 1315
6358 1315
6359 1315
6360 1315
6361 1379
6362 1379
6363 1379
6364 1378
6365 1394
6366 1378
6367 1378
6368 1394
6369 1393
6370 1393
6371 1393
6372 1393
6373 1389
6374 1389
6375 1389
6376 1389
6377 1393
6378 1393
6379 1393
6380 1391
6381 1391
6382 1394
6383 1394
6384 1377
6385 1376
6386 1378
6387 1379
6388 1376
6389 1679
6390 1680
6391 1314
6392 1310
6393 4801
6394 4712
6395 4117
6396 4117
6397 4116
6398 4116
6399 4115
6400 4115
6401 4116
6402 4116
6403 4115
6404 4115
6405 4870
6406 4871
6407 4868
6408 4869
6409 4855
6410 4859
6411 4717
6412 4716
6413 4744
6414 4862
6415 4744
6416 4862
6417 4862
6418 4862
6419 4862
6420 4863
6421 4860
6422 4863
6423 4863
6424 4863
6425 4862
6426 4862
6427 4862
6428 4861
6429 4861
6430 4862
6431 4861
6432 4861
6433 4865
6434 4866
6435 4867
6436 4864
6437 4849
6438 4852
6439 4852
6440 4849
6441 4790
6442 4795
6443 4795
6444 5148
6445 5145
6446 4276
6447 5185
6448 5145
6449 5144
6450 5145
6451 5147
6452 5147
6453 5147
6454 5147
6455 5218
6456 5218
6457 4860
6458 4860
6459 4861
6460 4861
6461 4860
6462 5189
6463 5189
6464 4860
6465 5203
6466 4858
6467 4857
6468 5206
6469 5143
6470 5142
6471 4869
6472 4868
6473 5145
6474 5145
6475 5145
6476 5146
6477 4114
6478 4114
6479 4114
6480 4114
6481 4115
6482 4115
6483 5144
6484 5144
6485 4115
6486 4114
6487 5144
6488 5144
6489 4114
6490 4114
6491 4114
6492 4114
6493 4277
6494 4791
6495 4790
6496 4276
6497 4794
6498 4851
6499 4849
6500 4795
6501 4865
6502 4866
6503 4866
6504 4865
6505 4862
6506 4862
6507 4862
6508 4862
6509 4862
6510 5365
6511 4862
6512 4862
6513 5365
6514 4115
6515 5144
6516 5143
6517 4115
6518 5218
6519 5107
6520 5106
6521 5147
6522 5105
6523 5142
6524 5106
6525 5106
6526 5140
6527 5141
6528 5203
6529 5204
6530 5146
6531 5146
6532 5146
6533 5217
6534 5185
6535 5146
6536 5145
6537 5185
6538 5149
6539 5148
6540 5148
6541 5149
6542 4864
6543 5151
6544 4849
6545 4852
6546 4867
6547 4867
6548 4864
6549 4867
6550 4866
6551 4862
6552 4862
6553 4866
6554 4866
6555 4861
6556 4861
6557 4861
6558 1389
6559 1389
6560 1393
6561 1393
6562 1393
6563 1389
6564 1393
6565 1393
6566 1904
6567 1904
6568 1392
6569 1392
6570 1392
6571 1392
6572 5365
6573 4862
6574 5365
6575 5188
6576 4861
6577 4861
6578 4861
6579 5186
6580 5189
6581 5189
6582 5186
6583 5188
6584 5188
6585 5187
6586 5188
6587 5187
6588 5187
6589 5172
6590 5172
6591 5205
6592 5205
6593 5112
6594 5112
6595 5092
6596 5092
6597 5094
6598 5092
6599 5095
6600 5094
6601 5073
6602 5073
6603 5074
6604 5074
6605 5074
6606 5074
6607 5190
6608 5190
6609 5159
6610 5159
6611 5159
6612 5159
6613 5158
6614 5158
6615 5435
6616 5052
6617 5435
6618 5435
6619 5435
6620 5435
6621 5435
6622 5434
6623 5434
6624 5435
6625 5434
6626 5433
6627 5433
6628 5433
6629 5433
6630 5433
6631 5419
6632 5436
6633 5425
6634 5425
6635 5416
6636 5416
6637 5415
6638 5415
6639 5217
6640 5118
6641 5121
6642 5220
6643 5134
6644 5121
6645 5132
6646 5132
6647 5164
6648 5085
6649 5376
6650 5376
6651 5041
6652 5041
6653 5211
6654 5211
6655 5161
6656 5161
6657 5160
6658 5160
6659 5160
6660 5160
6661 5028
6662 5028
6663 5028
6664 5028
6665 5025
6666 5025
6667 5025
6668 5412
6669 5412
6670 5412
6671 5412
6672 5412
6673 5413
6674 5412
6675 5026
6676 5057
6677 5027
6678 5026
6679 5055
6680 5026
6681 5411
6682 5411
6683 5056
6684 5418
6685 5418
6686 5415
6687 5218
6688 5218
6689 5220
6690 5134
6691 5133
6692 5134
6693 5134
6694 5133
6695 5220
6696 5220
6697 5134
6698 5134
6699 5115
6700 5220
6701 5134
6702 5116
6703 5104
6704 5107
6705 5116
6706 5114
6707 6471
6708 5100
6709 5153
6710 5152
6711 5133
6712 5133
6713 5134
6714 5134
6715 5116
6716 5116
6717 5036
6718 5036
6719 5117
6720 5116
6721 5036
6722 5035
6723 5131
6724 5194
6725 5192
6726 5192
6727 5215
6728 5137
6729 5136
6730 5216
6731 5113
6732 5205
6733 5361
6734 5361
6735 5188
6736 5188
6737 5186
6738 5188
6739 5175
6740 5172
6741 5205
6742 5205
6743 5175
6744 5172
6745 5172
6746 5175
6747 5112
6748 5205
6749 5205
6750 5112
6751 5093
6752 5093
6753 5205
6754 5113
6755 5099
6756 5093
6757 5113
6758 5099
6759 5077
6760 5081
6761 5193
6762 5034
6763 5076
6764 5076
6765 5034
6766 5033
6767 5377
6768 5377
6769 5033
6770 5213
6771 5043
6772 5043
6773 5213
6774 5213
6775 5044
6776 5044
6777 5213
6778 5213
6779 5041
6780 5041
6781 5041
6782 5211
6783 5041
6784 5042
6785 5041
6786 5041
6787 5042
6788 5042
6789 5042
6790 5041
6791 5062
6792 5063
6793 5063
6794 5063
6795 5197
6796 5081
6797 5077
6798 5062
6799 5079
6800 5080
6801 5080
6802 5078
6803 5094
6804 5093
6805 5094
6806 6334
6807 5094
6808 5093
6809 5093
6810 5094
6811 5047
6812 5050
6813 5050
6814 5047
6815 5050
6816 5050
6817 5047
6818 5047
6819 5049
6820 5050
6821 5047
6822 5047
6823 5064
6824 5049
6825 5048
6826 5048
6827 5198
6828 5065
6829 5022
6830 5198
6831 5031
6832 5032
6833 5032
6834 5031
6835 5073
6836 6334
6837 5191
6838 5191
6839 5073
6840 5073
6841 5073
6842 5073
6843 5190
6844 5191
6845 5191
6846 5190
6847 5030
6848 5190
6849 5191
6850 5190
6851 5053
6852 5053
6853 5030
6854 5030
6855 5023
6856 5024
6857 5021
6858 5022
6859 5027
6860 5057
6861 5048
6862 5047
6863 5027
6864 5027
6865 5047
6866 5047
6867 5028
6868 5027
6869 5047
6870 5047
6871 5028
6872 5028
6873 5160
6874 5160
6875 5025
6876 5028
6877 5028
6878 5025
6879 5025
6880 5028
6881 5028
6882 5025
6883 5025
6884 5025
6885 5025
6886 5025
6887 5026
6888 5027
6889 5027
6890 5025
6891 5412
6892 5025
6893 5025
6894 5412
6895 5413
6896 5411
6897 5411
6898 5411
6899 5055
6900 5056
6901 5024
6902 5023
6903 5055
6904 5055
6905 5056
6906 5056
6907 5196
6908 5054
6909 5029
6910 5195
6911 6334
6912 5031
6913 5031
6914 5191
6915 6334
6916 5378
6917 5378
6918 6334
6919 5098
6920 5099
6921 5099
6922 5098
6923 5097
6924 5096
6925 5202
6926 5130
6927 5175
6928 5186
6929 5186
6930 5175
6931 5139
6932 5139
6933 5138
6934 4715
6935 4714
6936 4715
6937 4716
6938 4714
6939 4863
6940 4744
6941 5219
6942 5054
6943 5024
6944 5024
6945 5219
6946 5219
6947 5414
6948 5414
6949 5052
6950 5053
6951 5054
6952 5051
6953 5436
6954 5051
6955 5051
6956 5425
6957 5159
6958 5190
6959 5190
6960 5053
6961 5159
6962 5052
6963 5052
6964 5052
6965 5053
6966 5052
6967 5053
6968 5053
6969 5052
6970 5052
6971 5052
6972 5052
6973 5435
6974 5052
6975 5052
6976 5052
6977 5435
6978 5435
6979 5435
6980 5436
6981 5435
6982 5435
6983 5052
6984 5435
6985 626
6986 627
6987 627
6988 626
6989 1389
6990 1259
6991 1259
6992 1389
6993 1259
6994 1259
6995 1388
6996 1388
6997 1259
6998 1259
6999 1388
7000 1388
7001 1414
7002 1414
7003 1233
7004 1232
7005 1380
7006 793
7007 1385
7008 1381
7009 1395
7010 1396
7011 1397
7012 1382
7013 628
7014 1395
7015 629
7016 628
7017 5188
7018 5188
7019 5188
7020 5187
7021 5183
7022 5183
7023 5188
7024 5188
7025 5150
7026 5151
7027 5178
7028 5178
7029 5108
7030 5108
7031 5149
7032 5109
7033 5217
7034 5146
7035 5176
7036 5176
7037 5119
7038 5177
7039 5111
7040 5122
7041 5123
7042 5123
7043 5111
7044 5110
7045 5166
7046 5088
7047 5209
7048 5179
7049 5174
7050 5174
7051 5184
7052 5187
7053 5174
7054 5174
7055 5187
7056 5187
7057 5112
7058 5129
7059 5205
7060 5112
7061 5127
7062 5128
7063 5129
7064 5126
7065 5207
7066 5091
7067 5370
7068 5371
7069 5083
7070 5124
7071 5135
7072 5087
7073 5082
7074 5120
7075 5125
7076 5082
7077 5376
7078 5085
7079 5085
7080 5376
7081 5086
7082 5375
7083 5084
7084 5086
7085 5169
7086 5221
7087 5221
7088 5168
7089 5092
7090 5112
7091 5092
7092 5092
7093 5112
7094 5092
7095 5092
7096 5112
7097 5211
7098 5211
7099 5375
7100 5066
7101 5045
7102 5038
7103 5037
7104 5375
7105 5372
7106 5199
7107 5373
7108 5374
7109 5095
7110 5072
7111 5072
7112 5095
7113 5073
7114 5073
7115 5095
7116 5095
7117 5074
7118 5074
7119 5074
7120 5074
7121 5075
7122 5075
7123 5074
7124 5074
7125 5070
7126 5070
7127 5071
7128 5071
7129 5040
7130 5040
7131 5039
7132 5039
7133 5160
7134 5161
7135 5067
7136 5160
7137 5028
7138 5160
7139 5019
7140 5028
7141 5017
7142 5018
7143 5015
7144 5016
7145 5156
7146 5156
7147 5155
7148 5155
7149 5154
7150 5157
7151 5061
7152 5069
7153 5159
7154 5159
7155 5155
7156 5155
7157 5025
7158 5025
7159 5162
7160 5162
7161 5210
7162 5407
7163 5018
7164 5017
7165 5441
7166 5058
7167 5060
7168 5157
7169 5158
7170 5437
7171 5156
7172 5156
7173 5158
7174 5158
7175 5156
7176 5159
7177 5434
7178 5434
7179 5435
7180 5434
7181 5438
7182 5438
7183 5434
7184 5401
7185 5438
7186 5438
7187 5438
7188 5439
7189 5426
7190 5439
7191 5439
7192 5426
7193 5408
7194 5432
7195 5432
7196 5379
7197 6335
7198 5409
7199 5409
7200 6335
7201 6335
7202 5409
7203 6335
7204 6335
7205 5413
7206 5413
7207 6335
7208 5413
7209 5410
7210 5413
7211 5413
7212 5410
7213 5417
7214 5415
7215 5418
7216 5410
7217 5416
7218 5415
7219 5392
7220 5392
7221 5419
7222 5395
7223 5395
7224 5419
7225 5433
7226 5433
7227 5399
7228 5399
7229 5399
7230 5434
7231 5434
7232 5434
7233 5434
7234 5433
7235 5399
7236 5399
7237 5385
7238 5385
7239 5384
7240 5384
7241 5399
7242 5399
7243 5396
7244 5397
7245 5393
7246 5392
7247 5390
7248 5393
7249 5422
7250 5400
7251 5403
7252 5423
7253 5385
7254 5385
7255 5384
7256 5384
7257 5420
7258 5394
7259 5394
7260 5747
7261 5398
7262 5398
7263 5397
7264 5397
7265 5379
7266 5380
7267 5381
7268 5382
7269 5387
7270 5387
7271 5384
7272 5386
7273 5399
7274 5399
7275 5396
7276 5396
7277 5401
7278 5398
7279 5440
7280 5402
7281 5385
7282 5385
7283 5384
7284 5384
7285 5417
7286 5391
7287 5387
7288 5391
7289 5398
7290 5398
7291 5397
7292 5397
7293 5401
7294 5401
7295 5402
7296 5402
7297 5534
7298 5573
7299 5484
7300 5485
7301 5549
7302 5549
7303 5718
7304 5718
7305 5573
7306 5573
7307 5485
7308 5485
7309 5521
7310 5521
7311 5718
7312 5718
7313 5573
7314 5573
7315 5484
7316 5484
7317 5568
7318 5521
7319 5745
7320 5745
7321 5570
7322 5570
7323 5483
7324 5482
7325 5440
7326 5568
7327 5492
7328 5494
7329 5564
7330 5572
7331 5478
7332 5725
7333 5705
7334 5404
7335 5527
7336 5670
7337 5565
7338 5563
7339 5553
7340 5474
7341 5383
7342 5430
7343 5740
7344 5690
7345 5550
7346 5562
7347 5582
7348 5582
7349 5573
7350 5573
7351 5532
7352 5484
7353 5521
7354 5521
7355 5718
7356 5718
7357 5545
7358 5545
7359 6071
7360 6084
7361 5712
7362 5712
7363 6171
7364 6183
7365 5545
7366 5545
7367 6069
7368 6062
7369 5712
7370 5712
7371 6183
7372 6183
7373 5545
7374 5545
7375 6071
7376 6071
7377 5710
7378 5712
7379 6194
7380 6203
7381 5542
7382 5542
7383 6074
7384 6073
7385 5449
7386 5574
7387 6216
7388 5454
7389 5637
7390 5604
7391 5655
7392 5635
7393 5443
7394 5557
7395 5502
7396 5535
7397 5671
7398 5631
7399 5462
7400 5459
7401 5641
7402 5466
7403 5729
7404 5599
7405 5686
7406 5672
7407 5458
7408 5456
7409 6234
7410 6236
7411 5593
7412 6067
7413 5714
7414 5692
7415 5546
7416 6167
7417 1716
7418 1678
7419 1677
7420 1707
7421 1678
7422 1678
7423 1677
7424 1678
7425 1675
7426 1673
7427 1675
7428 1675
7429 1737
7430 1734
7431 1674
7432 1398
7433 1672
7434 1672
7435 1384
7436 1386
7437 1669
7438 1668
7439 1231
7440 1234
7441 1718
7442 1669
7443 1234
7444 1387
7445 1718
7446 1718
7447 1387
7448 1387
7449 1719
7450 1718
7451 1390
7452 1390
7453 1719
7454 1719
7455 1390
7456 1390
7457 1719
7458 1719
7459 1390
7460 1390
7461 1714
7462 1719
7463 1392
7464 1392
7465 1709
7466 1714
7467 1709
7468 1710
7469 1681
7470 1710
7471 1710
7472 1682
7473 1680
7474 1679
7475 1639
7476 1642
7477 1711
7478 1681
7479 1739
7480 1713
7481 1656
7482 1740
7483 1641
7484 1640
7485 1653
7486 1653
7487 1652
7488 1654
7489 1654
7490 1651
7491 1694
7492 1613
7493 1613
7494 1694
7495 1695
7496 1614
7497 1614
7498 1614
7499 1915
7500 1915
7501 1691
7502 1579
7503 1691
7504 1691
7505 1692
7506 1692
7507 1692
7508 1692
7509 1557
7510 1557
7511 1557
7512 1557
7513 1556
7514 1556
7515 1556
7516 1556
7517 1946
7518 1951
7519 1946
7520 1946
7521 2874
7522 1946
7523 2874
7524 2874
7525 2874
7526 2874
7527 2874
7528 2874
7529 2874
7530 2874
7531 2874
7532 2874
7533 1951
7534 1950
7535 1950
7536 2874
7537 2874
7538 2874
7539 1951
7540 1951
7541 1712
7542 1698
7543 1697
7544 1715
7545 1705
7546 1706
7547 1706
7548 1705
7549 1705
7550 1706
7551 1658
7552 1703
7553 1736
7554 1736
7555 1643
7556 1643
7557 1623
7558 1623
7559 1624
7560 1625
7561 1606
7562 1624
7563 1606
7564 1606
7565 1605
7566 1605
7567 1688
7568 1721
7569 1721
7570 1688
7571 1689
7572 1689
7573 1690
7574 1690
7575 1690
7576 1690
7577 1974
7578 1978
7579 1975
7580 1975
7581 1972
7582 1975
7583 1936
7584 1936
7585 1936
7586 1936
7587 1959
7588 1959
7589 1949
7590 1931
7591 1931
7592 1949
7593 2874
7594 1950
7595 1923
7596 1923
7597 1649
7598 1652
7599 1708
7600 1749
7601 1748
7602 1751
7603 1751
7604 1749
7605 1748
7606 1751
7607 1751
7608 1748
7609 1638
7610 1645
7611 1648
7612 1636
7613 1714
7614 1715
7615 1715
7616 1714
7617 1719
7618 1720
7619 1720
7620 1719
7621 1719
7622 1720
7623 1704
7624 1720
7625 1704
7626 1717
7627 1717
7628 1704
7629 1704
7630 1717
7631 1717
7632 1704
7633 1746
7634 1670
7635 1717
7636 1704
7637 1632
7638 1631
7639 1667
7640 1745
7641 1634
7642 1633
7643 1684
7644 1735
7645 1643
7646 1900
7647 1658
7648 1643
7649 1900
7650 1900
7651 1736
7652 1644
7653 1732
7654 1900
7655 1644
7656 1627
7657 1661
7658 1662
7659 1627
7660 1630
7661 1566
7662 1725
7663 1725
7664 1723
7665 1565
7666 1647
7667 1646
7668 1565
7669 1665
7670 1664
7671 1664
7672 1665
7673 1650
7674 1650
7675 1664
7676 1664
7677 1650
7678 1650
7679 1650
7680 1650
7681 1663
7682 1663
7683 1663
7684 1695
7685 1574
7686 1574
7687 1744
7688 1744
7689 1573
7690 1695
7691 1743
7692 1573
7693 1916
7694 1574
7695 1744
7696 1564
7697 1607
7698 1608
7699 1567
7700 1724
7701 1629
7702 1610
7703 1724
7704 1629
7705 1917
7706 1611
7707 1628
7708 1628
7709 1625
7710 1625
7711 1626
7712 1626
7713 1625
7714 1625
7715 1623
7716 1623
7717 2873
7718 1625
7719 1625
7720 1606
7721 1612
7722 1611
7723 1917
7724 2873
7725 1728
7726 1610
7727 1611
7728 1609
7729 1606
7730 1606
7731 1625
7732 1606
7733 1596
7734 1608
7735 1607
7736 1593
7737 1575
7738 1574
7739 1916
7740 1575
7741 1572
7742 1915
7743 1742
7744 1742
7745 1572
7746 1572
7747 1915
7748 1573
7749 1573
7750 1574
7751 1572
7752 1572
7753 1691
7754 1579
7755 1579
7756 1579
7757 1579
7758 1579
7759 1572
7760 1572
7761 1579
7762 1579
7763 1572
7764 1580
7765 1594
7766 1580
7767 1580
7768 1594
7769 1561
7770 1729
7771 1729
7772 1561
7773 1563
7774 1560
7775 1562
7776 1562
7777 1721
7778 1721
7779 1722
7780 1722
7781 1721
7782 1721
7783 1722
7784 1605
7785 1692
7786 1692
7787 1692
7788 1692
7789 1579
7790 1578
7791 1692
7792 1579
7793 1578
7794 1578
7795 1578
7796 1578
7797 1555
7798 1587
7799 1578
7800 1581
7801 1726
7802 1727
7803 1554
7804 1552
7805 1563
7806 1583
7807 1583
7808 1560
7809 1721
7810 1689
7811 1584
7812 1563
7813 1689
7814 1689
7815 1721
7816 1721
7817 1557
7818 1557
7819 1557
7820 1557
7821 1557
7822 1557
7823 1557
7824 1557
7825 1557
7826 1557
7827 1557
7828 1557
7829 1558
7830 1559
7831 1556
7832 1558
7833 1953
7834 1953
7835 1588
7836 1554
7837 1582
7838 1582
7839 1750
7840 1750
7841 1585
7842 1690
7843 1690
7844 1690
7845 1585
7846 1585
7847 1585
7848 1585
7849 1556
7850 1556
7851 1556
7852 1556
7853 1556
7854 1556
7855 1556
7856 1556
7857 1556
7858 1951
7859 1556
7860 1556
7861 1951
7862 1951
7863 1951
7864 1556
7865 1954
7866 1931
7867 1957
7868 1957
7869 1973
7870 1964
7871 1932
7872 1964
7873 1974
7874 1974
7875 1973
7876 1973
7877 1975
7878 1974
7879 1974
7880 1974
7881 1972
7882 1972
7883 1972
7884 1972
7885 1958
7886 1958
7887 1958
7888 1958
7889 1928
7890 1934
7891 1934
7892 1925
7893 1951
7894 1951
7895 1951
7896 1951
7897 2874
7898 1951
7899 1951
7900 1951
7901 1666
7902 1666
7903 1655
7904 1655
7905 1621
7906 1619
7907 1619
7908 1620
7909 1706
7910 1622
7911 1910
7912 1660
7913 1659
7914 1706
7915 1660
7916 1658
7917 1658
7918 1657
7919 1657
7920 1657
7921 1655
7922 1654
7923 1613
7924 1616
7925 1615
7926 1616
7927 1613
7928 1614
7929 1618
7930 1618
7931 1617
7932 1617
7933 1700
7934 1738
7935 1752
7936 1701
7937 1699
7938 1700
7939 1702
7940 1699
7941 1657
7942 1643
7943 1643
7944 1657
7945 1624
7946 1623
7947 1623
7948 1624
7949 1911
7950 1624
7951 1623
7952 1702
7953 1912
7954 1912
7955 1701
7956 1752
7957 1577
7958 1576
7959 1752
7960 1617
7961 1915
7962 1914
7963 1615
7964 1615
7965 1597
7966 1597
7967 1742
7968 1597
7969 1571
7970 1571
7971 1568
7972 1568
7973 1730
7974 1730
7975 1913
7976 1913
7977 1606
7978 1624
7979 1624
7980 1606
7981 1603
7982 1730
7983 1603
7984 1603
7985 1688
7986 1605
7987 1605
7988 1688
7989 1685
7990 1688
7991 1605
7992 1604
7993 1601
7994 1600
7995 1600
7996 1601
7997 1569
7998 1570
7999 1570
8000 1569
8001 1598
8002 1598
8003 1598
8004 1691
8005 1551
8006 1550
8007 1692
8008 1692
8009 1549
8010 1549
8011 1546
8012 1547
8013 1590
8014 1599
8015 1602
8016 1591
8017 1687
8018 1688
8019 1685
8020 1686
8021 1689
8022 1688
8023 1688
8024 1687
8025 1551
8026 1551
8027 1557
8028 1551
8029 1548
8030 1547
8031 1693
8032 1948
8033 1590
8034 1591
8035 1592
8036 1589
8037 1687
8038 1686
8039 1976
8040 1976
8041 1690
8042 1690
8043 1690
8044 1690
8045 1693
8046 1693
8047 1693
8048 1693
8049 1741
8050 1948
8051 1946
8052 1971
8053 1589
8054 1592
8055 1965
8056 1968
8057 1978
8058 1977
8059 1977
8060 1978
8061 1975
8062 1978
8063 1978
8064 1942
8065 1946
8066 1946
8067 1946
8068 1946
8069 1971
8070 1946
8071 2874
8072 1921
8073 1967
8074 1965
8075 1960
8076 1967
8077 1942
8078 1942
8079 1939
8080 1941
8081 1937
8082 1975
8083 1942
8084 1937
8085 1936
8086 1937
8087 1936
8088 1935
8089 1959
8090 1936
8091 1935
8092 2286
8093 1926
8094 1925
8095 1934
8096 2242
8097 1923
8098 1923
8099 1924
8100 1924
8101 1923
8102 1923
8103 1923
8104 1923
8105 1923
8106 1923
8107 1923
8108 1923
8109 2874
8110 2874
8111 1923
8112 1923
8113 2874
8114 2874
8115 1923
8116 1923
8117 1918
8118 2874
8119 1923
8120 1923
8121 2105
8122 1935
8123 2088
8124 2016
8125 1924
8126 1924
8127 2022
8128 2023
8129 1941
8130 1941
8131 1979
8132 1979
8133 2109
8134 2102
8135 2098
8136 2019
8137 1924
8138 1924
8139 2023
8140 2112
8141 1938
8142 1941
8143 2108
8144 2059
8145 1924
8146 1924
8147 2018
8148 2023
8149 1923
8150 1923
8151 2112
8152 1924
8153 1938
8154 1938
8155 2059
8156 2059
8157 1920
8158 1919
8159 1922
8160 1969
8161 1924
8162 1924
8163 2022
8164 2022
8165 1923
8166 1923
8167 1922
8168 1922
8169 1940
8170 1962
8171 2244
8172 1943
8173 2252
8174 2024
8175 2704
8176 2710
8177 2107
8178 2208
8179 2200
8180 2195
8181 2024
8182 2024
8183 2710
8184 2710
8185 2031
8186 2060
8187 2256
8188 2143
8189 2022
8190 2024
8191 2704
8192 2253
8193 2284
8194 2284
8195 2081
8196 2081
8197 2023
8198 2023
8199 2252
8200 2024
8201 2284
8202 2284
8203 2081
8204 2081
8205 2241
8206 2230
8207 2183
8208 2184
8209 2013
8210 2120
8211 2077
8212 2180
8213 2230
8214 2073
8215 2069
8216 2226
8217 2021
8218 2265
8219 2094
8220 2095
8221 2024
8222 2022
8223 2248
8224 2249
8225 2601
8226 2623
8227 2643
8228 2681
8229 1997
8230 2150
8231 2274
8232 2270
8233 2056
8234 2608
8235 2488
8236 2371
8237 1996
8238 2698
8239 2258
8240 2258
8241 2045
8242 2074
8243 2380
8244 2161
8245 2740
8246 2755
8247 2165
8248 2763
8249 2719
8250 2738
8251 2765
8252 2766
8253 2175
8254 2004
8255 2269
8256 2494
8257 2729
8258 2729
8259 2746
8260 2746
8261 2612
8262 2193
8263 2586
8264 2633
8265 2720
8266 2719
8267 2746
8268 2746
8269 2623
8270 2610
8271 2640
8272 2643
8273 2706
8274 2708
8275 2766
8276 2760
