0 4949
1 4973
2 4973
3 4711
4 4712
5 4745
6 1366
7 877
8 1366
9 4972
10 1239
11 1862
12 5365
13 4866
14 4851
15 5010
16 4794
17 4794
18 626
19 788
20 1679
21 1310
22 1680
23 1314
24 1710
25 1377
26 1392
27 1391
28 1390
29 1389
30 1389
31 1389
32 1258
33 742
34 5282
35 5335
36 216
37 440
38 297
39 3663
40 3797
41 3050
42 284
43 153
44 298
45 299
46 224
47 300
48 301
49 305
50 3814
51 3723
52 3718
53 4917
54 4978
55 789
56 1904
57 2821
58 1311
59 1379
60 1541
61 1541
62 1311
63 1379
64 1378
65 1393
66 1389
67 1259
68 1259
69 4712
70 6550
71 4117
72 4114
73 4115
74 4115
75 4868
76 4869
77 4717
78 4863
79 4744
80 4862
81 4860
82 4714
83 4861
84 4861
85 4852
86 4795
87 5185
88 5145
89 5218
90 5218
91 5218
92 5189
93 5100
94 5142
95 5143
96 1259
97 4862
98 4862
99 4866
100 4852
101 4795
102 4276
103 4114
104 5145
105 5144
106 5144
107 5107
108 5104
109 5146
110 5217
111 5148
112 5149
113 5178
114 5188
115 4862
116 1390
117 1390
118 1904
119 1393
120 4861
121 4862
122 5188
123 5186
124 5187
125 5187
126 5129
127 5129
128 5112
129 5112
130 5094
131 5094
132 5074
133 5073
134 5190
135 5155
136 5159
137 5159
138 5052
139 5435
140 5052
141 5435
142 5435
143 5434
144 5435
145 5433
146 5436
147 5433
148 5425
149 5416
150 5056
151 5415
152 5134
153 5121
154 5212
155 5164
156 5376
157 5376
158 5050
159 5161
160 5160
161 5160
162 5028
163 5028
164 5025
165 5409
166 5412
167 5413
168 5412
169 5413
170 5056
171 5055
172 5411
173 5411
174 5134
175 5213
176 5134
177 5116
178 5117
179 5201
180 5213
181 5033
182 5034
183 5097
184 5175
185 5113
186 5205
187 5093
188 5093
189 5081
190 5077
191 5377
192 5377
193 5044
194 5050
195 5050
196 5049
197 5064
198 5078
199 6334
200 5094
201 5047
202 5047
203 5047
204 5022
205 5195
206 5191
207 5191
208 5190
209 5053
210 5024
211 5057
212 5027
213 5027
214 5028
215 5025
216 5025
217 5026
218 4712
219 4716
220 4715
221 5189
222 5214
223 5113
224 5378
225 5079
226 5030
227 5054
228 5051
229 5052
230 5053
231 5052
232 5435
233 629
234 1395
235 1388
236 1388
237 1233
238 1386
239 1737
240 5187
241 5184
242 5150
243 5111
244 5125
245 5208
246 5165
247 5173
248 5112
249 5168
250 5207
251 5085
252 5375
253 5046
254 5372
255 5095
256 5066
257 5038
258 5072
259 5073
260 5155
261 5154
262 5069
263 5019
264 5020
265 5060
266 5156
267 5156
268 5158
269 5437
270 5059
271 5409
272 5434
273 5398
274 5401
275 5401
276 5421
277 6335
278 6335
279 5385
280 5387
281 5410
282 5417
283 5395
284 5399
285 5399
286 5399
287 5608
288 5608
289 5440
290 5440
291 5424
292 5383
293 5384
294 5573
295 5384
296 5386
297 5388
298 5703
299 5747
300 5609
301 5608
302 5605
303 5605
304 5718
305 5656
306 5645
307 5688
308 5485
309 5713
310 5713
311 5448
312 5446
313 5726
314 5701
315 5605
316 5605
317 6071
318 6081
319 6089
320 5636
321 5461
322 5453
323 6193
324 6182
325 6180
326 6217
327 5506
328 5603
329 5519
330 6068
331 6065
332 1677
333 1676
334 1708
335 1637
336 1735
337 1631
338 1669
339 1718
340 1718
341 1719
342 1719
343 1719
344 1714
345 1712
346 1681
347 1622
348 1740
349 1656
350 1652
351 1654
352 1663
353 1613
354 1695
355 1614
356 1915
357 1915
358 1691
359 1691
360 1692
361 1557
362 1557
363 1551
364 1556
365 1693
366 1951
367 2874
368 2874
369 2874
370 2874
371 1923
372 2874
373 1923
374 1950
375 1925
376 1720
377 1706
378 1705
379 1706
380 1703
381 1658
382 1643
383 1643
384 1625
385 1624
386 1605
387 1605
388 1721
389 1688
390 1689
391 1689
392 1974
393 1978
394 1975
395 1975
396 1936
397 1936
398 1933
399 1933
400 1649
401 1751
402 1648
403 1684
404 1703
405 1747
406 1731
407 3013
408 1643
409 1644
410 1627
411 1723
412 1566
413 1665
414 1665
415 1650
416 1573
417 1574
418 1608
419 1607
420 1611
421 1917
422 1625
423 1722
424 1722
425 1612
426 1728
427 1575
428 1572
429 1572
430 1742
431 1742
432 1579
433 1579
434 1579
435 1555
436 1560
437 1563
438 1721
439 1692
440 1578
441 1558
442 1554
443 1727
444 1584
445 1689
446 1557
447 1557
448 1556
449 1559
450 1954
451 1973
452 1974
453 1556
454 1951
455 1951
456 1950
457 1932
458 1958
459 1974
460 1616
461 1738
462 1700
463 1660
464 1657
465 1615
466 1752
467 1701
468 1623
469 1624
470 1911
471 1576
472 1577
473 1568
474 1601
475 1600
476 1605
477 1688
478 1685
479 1602
480 1546
481 1551
482 1591
483 1686
484 1687
485 1693
486 1741
487 1980
488 1978
489 1946
490 1971
491 1977
492 1942
493 2874
494 1921
495 1940
496 1941
497 1938
498 1935
499 2243
500 1924
501 1924
502 1924
503 1924
504 1923
505 1923
506 1919
507 1969
508 2108
509 2060
510 2087
511 2087
512 2015
513 2023
514 2022
515 2024
516 2022
517 2023
518 2112
519 1922
520 2213
521 2176
522 2063
523 2697
524 2770
525 2049
526 2267
527 2711
528 2723
529 2723
530 2710
531 2250
532 2224
533 2400
534 2495
535 2636
536 2677
537 2503
538 2387
539 2187
540 2765
541 2766
542 2746
543 2753
544 2760
545 2124
546 4949
547 4973
548 4972
549 4711
550 4711
551 4712
552 877
553 877
554 1366
555 6555
556 1238
557 5365
558 5365
559 4866
560 4862
561 4851
562 4866
563 5010
564 4794
565 4850
566 4791
567 626
568 626
569 627
570 1310
571 1716
572 788
573 1310
574 1376
575 1679
576 1314
577 1377
578 1682
579 1376
580 1392
581 1391
582 1391
583 1390
584 1390
585 1392
586 1389
587 1390
588 1389
589 1389
590 1904
591 711
592 4721
593 4230
594 5293
595 440
596 1313
597 3731
598 3662
599 3796
600 334
601 150
602 153
603 298
604 299
605 223
606 300
607 305
608 302
609 3813
610 3810
611 3719
612 209
613 3727
614 3664
615 298
616 151
617 3057
618 298
619 3718
620 214
621 4978
622 4918
623 6282
624 3011
625 1829
626 789
627 789
628 1389
629 1904
630 1874
631 1444
632 1505
633 2821
634 1406
635 2821
636 1315
637 1542
638 1379
639 1541
640 1904
641 1541
642 1311
643 1311
644 1379
645 1315
646 1378
647 1379
648 1393
649 1394
650 1389
651 1393
652 1389
653 1394
654 1377
655 1314
656 1259
657 1259
658 1380
659 4712
660 4712
661 4117
662 4114
663 4116
664 4115
665 4116
666 4115
667 4871
668 4115
669 4870
670 4868
671 4859
672 5206
673 4744
674 4863
675 4862
676 4862
677 4863
678 4744
679 4863
680 4858
681 4715
682 4861
683 4861
684 4861
685 4861
686 4852
687 4867
688 4795
689 4849
690 5185
691 5148
692 5145
693 5145
694 5145
695 5146
696 5147
697 5218
698 5147
699 5218
700 4860
701 5189
702 5140
703 5137
704 5206
705 5203
706 4868
707 5143
708 1258
709 5365
710 4862
711 4866
712 4865
713 4795
714 4114
715 4114
716 4114
717 4115
718 4115
719 5145
720 5144
721 5144
722 4114
723 4790
724 4849
725 4866
726 4866
727 4862
728 5143
729 5106
730 5107
731 5105
732 5104
733 5101
734 5146
735 5146
736 5217
737 5148
738 5146
739 5149
740 5148
741 4864
742 5151
743 4861
744 5183
745 4862
746 5365
747 1392
748 1393
749 1904
750 1393
751 4861
752 4862
753 4862
754 4861
755 1393
756 1393
757 1904
758 1390
759 4862
760 5188
761 5188
762 5187
763 5188
764 5175
765 5187
766 5188
767 5188
768 5129
769 5174
770 5174
771 5112
772 5205
773 5205
774 5094
775 5092
776 5092
777 5073
778 5073
779 5073
780 5190
781 5191
782 5074
783 5159
784 5190
785 5155
786 5158
787 5158
788 5158
789 5435
790 5052
791 5435
792 5435
793 5435
794 5434
795 5433
796 5435
797 5433
798 5433
799 5435
800 5433
801 5416
802 5436
803 5419
804 5415
805 5414
806 5415
807 5121
808 5118
809 5220
810 5164
811 5132
812 5133
813 5376
814 5376
815 5044
816 5050
817 5211
818 5041
819 5160
820 5161
821 5161
822 5028
823 5028
824 5160
825 5025
826 5025
827 5025
828 5412
829 5412
830 5025
831 5412
832 5413
833 5412
834 5055
835 5023
836 5026
837 5411
838 5413
839 5411
840 5056
841 5418
842 5220
843 5134
844 5133
845 5213
846 5220
847 5134
848 5115
849 5116
850 5153
851 5117
852 5103
853 6471
854 5133
855 5213
856 5036
857 5213
858 5035
859 5033
860 5131
861 5192
862 5214
863 5186
864 5113
865 5205
866 5205
867 5172
868 5205
869 5113
870 5093
871 5093
872 5093
873 5098
874 5080
875 5034
876 5077
877 5377
878 5076
879 5377
880 5377
881 5043
882 5044
883 5376
884 5041
885 5050
886 5042
887 5050
888 5042
889 5049
890 5062
891 5064
892 5078
893 5197
894 5378
895 6334
896 5094
897 6334
898 5094
899 5050
900 5160
901 5050
902 5047
903 5049
904 5047
905 5064
906 5048
907 5198
908 5021
909 5191
910 5030
911 5073
912 5191
913 5074
914 5190
915 5190
916 5030
917 5053
918 5195
919 5196
920 5022
921 5023
922 5027
923 5027
924 5047
925 5027
926 5160
927 5028
928 5028
929 5028
930 5025
931 5025
932 5025
933 5025
934 5026
935 5025
936 5412
937 5024
938 5056
939 5056
940 4745
941 4716
942 4860
943 5189
944 5200
945 5096
946 5378
947 5079
948 5029
949 5053
950 5030
951 5031
952 5079
953 5099
954 5202
955 5215
956 5189
957 4715
958 4886
959 5054
960 5414
961 5219
962 5052
963 5051
964 5436
965 5053
966 5159
967 5435
968 5052
969 5052
970 5052
971 5435
972 5052
973 5435
974 626
975 626
976 1396
977 1389
978 1388
979 1388
980 1388
981 1233
982 1388
983 1232
984 1233
985 1382
986 1384
987 1398
988 629
989 5188
990 5187
991 5183
992 5187
993 5151
994 5180
995 5108
996 5109
997 5177
998 5122
999 5120
1000 5209
1001 5123
1002 5167
1003 5088
1004 5174
1005 5173
1006 5173
1007 5126
1008 5112
1009 5112
1010 5127
1011 5171
1012 5135
1013 5082
1014 5083
1015 5085
1016 5084
1017 5376
1018 5221
1019 5045
1020 5169
1021 5374
1022 5092
1023 5095
1024 5095
1025 5066
1026 5161
1027 5038
1028 5037
1029 5072
1030 5199
1031 5095
1032 5072
1033 5073
1034 5155
1035 5074
1036 5155
1037 5075
1038 5039
1039 5068
1040 5067
1041 5015
1042 5160
1043 5019
1044 5028
1045 5069
1046 5018
1047 5154
1048 5155
1049 5156
1050 5061
1051 5159
1052 5158
1053 5437
1054 5059
1055 5162
1056 5409
1057 5407
1058 5058
1059 5437
1060 5158
1061 5434
1062 5434
1063 5398
1064 5438
1065 5401
1066 5439
1067 5401
1068 5427
1069 5428
1070 5409
1071 5379
1072 6335
1073 6335
1074 6335
1075 5385
1076 5413
1077 5385
1078 5410
1079 5387
1080 5415
1081 5417
1082 5395
1083 5392
1084 5433
1085 5419
1086 5433
1087 5399
1088 5434
1089 5398
1090 5399
1091 5608
1092 5440
1093 5440
1094 5406
1095 5431
1096 5384
1097 5573
1098 5573
1099 5384
1100 5386
1101 5389
1102 5704
1103 5609
1104 5608
1105 5608
1106 5385
1107 5384
1108 5399
1109 5396
1110 5390
1111 5393
1112 5402
1113 5421
1114 5385
1115 5420
1116 5398
1117 5398
1118 5385
1119 5387
1120 5402
1121 5605
1122 5718
1123 5496
1124 5658
1125 5646
1126 5485
1127 5713
1128 5713
1129 5485
1130 5447
1131 5556
1132 5715
1133 5539
1134 5605
1135 5605
1136 5483
1137 5484
1138 5548
1139 5745
1140 5483
1141 5745
1142 5548
1143 5481
1144 5520
1145 5480
1146 5567
1147 5560
1148 5702
1149 5486
1150 5534
1151 6081
1152 6072
1153 5751
1154 5463
1155 5596
1156 6174
1157 6181
1158 6182
1159 6198
1160 5580
1161 5535
1162 5516
1163 5650
1164 6081
1165 6076
1166 6074
1167 6074
1168 6164
1169 6171
1170 6057
1171 6171
1172 6074
1173 6163
1174 5524
1175 5451
1176 5633
1177 5510
1178 5674
1179 5514
1180 5547
1181 1678
1182 1675
1183 1707
1184 1707
1185 1677
1186 1673
1187 1676
1188 1734
1189 1638
1190 1231
1191 1634
1192 1234
1193 1668
1194 1387
1195 1718
1196 1390
1197 1718
1198 1390
1199 1719
1200 1390
1201 1719
1202 1719
1203 1719
1204 1714
1205 1714
1206 1710
1207 1714
1208 1682
1209 1681
1210 1642
1211 1619
1212 1739
1213 1698
1214 1653
1215 1656
1216 1651
1217 1652
1218 1654
1219 1694
1220 1651
1221 1654
1222 1614
1223 1694
1224 1614
1225 1915
1226 1573
1227 1915
1228 1691
1229 1579
1230 1742
1231 1557
1232 1692
1233 1692
1234 1557
1235 1557
1236 1557
1237 1556
1238 1556
1239 1693
1240 1946
1241 1951
1242 1946
1243 2874
1244 1951
1245 2874
1246 2874
1247 2874
1248 2874
1249 2874
1250 2874
1251 1923
1252 1951
1253 2874
1254 1925
1255 2874
1256 1923
1257 1705
1258 1696
1259 1715
1260 1706
1261 1706
1262 1720
1263 1658
1264 1658
1265 1705
1266 1643
1267 1657
1268 1736
1269 1624
1270 1623
1271 1623
1272 1605
1273 1606
1274 1606
1275 1688
1276 1605
1277 1605
1278 1689
1279 1689
1280 1689
1281 1978
1282 1690
1283 1690
1284 1975
1285 1978
1286 1974
1287 1936
1288 1936
1289 1972
1290 1933
1291 1959
1292 1959
1293 1950
1294 1929
1295 1929
1296 1749
1297 1649
1298 1748
1299 1751
1300 1636
1301 1751
1302 1683
1303 1645
1304 1720
1305 1720
1306 1720
1307 1717
1308 1703
1309 1717
1310 1703
1311 1746
1312 1747
1313 1633
1314 1733
1315 1684
1316 1736
1317 1643
1318 1736
1319 1643
1320 1732
1321 1644
1322 1661
1323 1630
1324 1646
1325 1723
1326 1664
1327 1565
1328 1664
1329 1665
1330 1650
1331 1663
1332 1663
1333 1695
1334 1744
1335 1744
1336 1564
1337 1574
1338 1573
1339 1916
1340 1724
1341 1608
1342 1628
1343 1610
1344 1626
1345 1917
1346 1626
1347 1625
1348 1625
1349 1606
1350 2873
1351 1612
1352 1722
1353 1562
1354 1728
1355 1609
1356 1605
1357 1596
1358 1593
1359 1575
1360 1575
1361 1572
1362 1572
1363 1691
1364 1742
1365 1572
1366 1572
1367 1579
1368 1691
1369 1579
1370 1579
1371 1580
1372 1579
1373 1594
1374 1581
1375 1561
1376 1726
1377 1722
1378 1563
1379 1722
1380 1721
1381 1721
1382 1692
1383 1692
1384 1578
1385 1692
1386 1578
1387 1578
1388 1555
1389 1558
1390 1560
1391 1553
1392 1584
1393 1583
1394 1689
1395 1584
1396 1689
1397 1557
1398 1557
1399 1557
1400 1557
1401 1557
1402 1556
1403 1586
1404 1556
1405 1750
1406 1955
1407 1582
1408 1964
1409 1585
1410 1974
1411 1974
1412 1556
1413 1556
1414 1556
1415 1951
1416 1556
1417 1951
1418 1952
1419 1951
1420 1954
1421 1956
1422 1973
1423 1958
1424 1974
1425 1972
1426 1975
1427 1958
1428 1932
1429 1951
1430 1655
1431 1666
1432 1618
1433 1621
1434 1738
1435 1659
1436 1910
1437 1658
1438 1660
1439 1657
1440 1613
1441 1615
1442 1615
1443 1738
1444 1617
1445 1700
1446 1701
1447 1699
1448 1702
1449 1623
1450 1623
1451 1624
1452 1911
1453 1624
1454 1576
1455 1912
1456 1914
1457 1577
1458 1914
1459 1568
1460 1597
1461 1571
1462 1570
1463 1730
1464 1601
1465 1603
1466 1605
1467 1604
1468 1605
1469 1688
1470 1604
1471 1685
1472 1601
1473 1599
1474 1569
1475 1549
1476 1550
1477 1546
1478 1557
1479 1602
1480 1547
1481 1685
1482 1590
1483 1688
1484 1687
1485 1687
1486 1551
1487 1693
1488 1548
1489 1948
1490 1980
1491 1592
1492 1690
1493 1976
1494 1978
1495 1693
1496 1946
1497 1741
1498 1947
1499 1977
1500 1966
1501 1978
1502 1942
1503 1975
1504 1946
1505 2874
1506 1921
1507 1918
1508 1939
1509 1963
1510 1942
1511 1941
1512 1937
1513 1937
1514 1935
1515 1935
1516 2243
1517 1935
1518 1925
1519 1927
1520 1923
1521 1924
1522 1923
1523 1924
1524 1923
1525 1924
1526 2874
1527 1923
1528 2874
1529 1923
1530 1919
1531 1923
1532 1945
1533 2108
1534 2032
1535 2087
1536 2026
1537 2017
1538 2023
1539 2024
1540 2024
1541 2023
1542 2112
1543 1970
1544 2112
1545 2147
1546 2103
1547 2023
1548 2112
1549 1940
1550 1979
1551 2109
1552 1924
1553 2147
1554 2023
1555 1924
1556 1919
1557 1961
1558 2002
1559 2064
1560 2194
1561 2697
1562 2053
1563 1982
1564 2702
1565 2733
1566 2723
1567 2710
1568 2250
1569 2221
1570 2287
1571 2252
1572 2252
1573 2202
1574 2034
1575 2252
1576 2257
1577 2024
1578 2143
1579 2022
1580 2080
1581 2229
1582 2091
1583 1988
1584 2480
1585 2630
1586 2643
1587 2684
1588 2470
1589 2159
1590 2181
1591 2766
1592 2746
1593 2746
1594 2762
1595 2179
1596 2125
1597 2619
1598 2582
1599 1995
1600 2214
1601 2289
1602 2759
1603 2163
1604 2763
1605 2746
1606 2592
1607 2730
1608 2622
1609 2728
1610 4862
1611 4866
1612 4850
1613 627
1614 788
1615 1314
1616 788
1617 1376
1618 1391
1619 1390
1620 1389
1621 1389
1622 4270
1623 4792
1624 3665
1625 152
1626 3942
1627 298
1628 3810
1629 451
1630 206
1631 3719
1632 151
1633 789
1634 1904
1635 1830
1636 1443
1637 1444
1638 1505
1639 2821
1640 1542
1641 1904
1642 1541
1643 1311
1644 1315
1645 1379
1646 1378
1647 1393
1648 1389
1649 1393
1650 1394
1651 1376
1652 1314
1653 4116
1654 4116
1655 4116
1656 4871
1657 4856
1658 4717
1659 4744
1660 4862
1661 4863
1662 4862
1663 4861
1664 4864
1665 4849
1666 4790
1667 5145
1668 5147
1669 5147
1670 4861
1671 4860
1672 4857
1673 4869
1674 5145
1675 4114
1676 4115
1677 4115
1678 4114
1679 4276
1680 4850
1681 4866
1682 4862
1683 4862
1684 5144
1685 5106
1686 5106
1687 5141
1688 5146
1689 5185
1690 5148
1691 4852
1692 4867
1693 4866
1694 4861
1695 1393
1696 1393
1697 1392
1698 5365
1699 4861
1700 5186
1701 5188
1702 5174
1703 5205
1704 5092
1705 5073
1706 5074
1707 5190
1708 5158
1709 5435
1710 5435
1711 5434
1712 5433
1713 5425
1714 5416
1715 5118
1716 5132
1717 5044
1718 5211
1719 5161
1720 5160
1721 5025
1722 5412
1723 5412
1724 5026
1725 5411
1726 5418
1727 5220
1728 5133
1729 5220
1730 5115
1731 5114
1732 5102
1733 5133
1734 5036
1735 5036
1736 5194
1737 5215
1738 5205
1739 5188
1740 5361
1741 5175
1742 5205
1743 5113
1744 5099
1745 5193
1746 5034
1747 5377
1748 5043
1749 5044
1750 5041
1751 5041
1752 5042
1753 5063
1754 5197
1755 5079
1756 5094
1757 5094
1758 5161
1759 5050
1760 5050
1761 5049
1762 5065
1763 5032
1764 6334
1765 5073
1766 5191
1767 5190
1768 5030
1769 5021
1770 5048
1771 5047
1772 5047
1773 5160
1774 5028
1775 5028
1776 5025
1777 5025
1778 5412
1779 5411
1780 5023
1781 5056
1782 5029
1783 5191
1784 5378
1785 5098
1786 5130
1787 5186
1788 5138
1789 4714
1790 4744
1791 5196
1792 5414
1793 5053
1794 5436
1795 5159
1796 5052
1797 5053
1798 5052
1799 5052
1800 5435
1801 5435
1802 626
1803 1389
1804 1388
1805 1388
1806 1233
1807 1381
1808 1397
1809 628
1810 5188
1811 5183
1812 5181
1813 5108
1814 5176
1815 5119
1816 5110
1817 5182
1818 5174
1819 5174
1820 5205
1821 5126
1822 5090
1823 5124
1824 5163
1825 5085
1826 5086
1827 5170
1828 5092
1829 5092
1830 5211
1831 5037
1832 5373
1833 5095
1834 5095
1835 5074
1836 5074
1837 5071
1838 5040
1839 5161
1840 5028
1841 5015
1842 5155
1843 5068
1844 5155
1845 5025
1846 5407
1847 5058
1848 5158
1849 5158
1850 5434
1851 5438
1852 5438
1853 5429
1854 5408
1855 5409
1856 6335
1857 5413
1858 5413
1859 5417
1860 5392
1861 5419
1862 5433
1863 5434
1864 5434
1865 5385
1866 5396
1867 5390
1868 5428
1869 5384
1870 5394
1871 5398
1872 5381
1873 5387
1874 5399
1875 5402
1876 5385
1877 5391
1878 5397
1879 5402
1880 5483
1881 5745
1882 5483
1883 5745
1884 5483
1885 5495
1886 5481
1887 5520
1888 5479
1889 5668
1890 5475
1891 5696
1892 5487
1893 5533
1894 5745
1895 6074
1896 6164
1897 6059
1898 6171
1899 6074
1900 6165
1901 5654
1902 5576
1903 5522
1904 5445
1905 5464
1906 5597
1907 5682
1908 6232
1909 5749
1910 1716
1911 1678
1912 1675
1913 1674
1914 1672
1915 1234
1916 1387
1917 1387
1918 1390
1919 1390
1920 1719
1921 1714
1922 1709
1923 1682
1924 1680
1925 1713
1926 1641
1927 1653
1928 1654
1929 1695
1930 1573
1931 1691
1932 1692
1933 1557
1934 1556
1935 1946
1936 2874
1937 2874
1938 2874
1939 1950
1940 1951
1941 1697
1942 1705
1943 1706
1944 1657
1945 1623
1946 1606
1947 1605
1948 1689
1949 1690
1950 1974
1951 1936
1952 1959
1953 1956
1954 1923
1955 1708
1956 1749
1957 1748
1958 1635
1959 1714
1960 1720
1961 1720
1962 1717
1963 1717
1964 1746
1965 1745
1966 1633
1967 1736
1968 1736
1969 1732
1970 1662
1971 1725
1972 1647
1973 1664
1974 1650
1975 1650
1976 1663
1977 1744
1978 1695
1979 1564
1980 1567
1981 1629
1982 1628
1983 1626
1984 1623
1985 2873
1986 1612
1987 1609
1988 1606
1989 1593
1990 1575
1991 1742
1992 1572
1993 1572
1994 1579
1995 1579
1996 1579
1997 1595
1998 1729
1999 1562
2000 1722
2001 1605
2002 1692
2003 1578
2004 1578
2005 1581
2006 1726
2007 1583
2008 1584
2009 1689
2010 1557
2011 1557
2012 1557
2013 1558
2014 1588
2015 1582
2016 1690
2017 1585
2018 1556
2019 1556
2020 1556
2021 1951
2022 1955
2023 1964
2024 1974
2025 1974
2026 1972
2027 1958
2028 1929
2029 1951
2030 1951
2031 1666
2032 1620
2033 1909
2034 1659
2035 1657
2036 1654
2037 1614
2038 1618
2039 1738
2040 1699
2041 1643
2042 1623
2043 1911
2044 1912
2045 1577
2046 1915
2047 1597
2048 1571
2049 1913
2050 1606
2051 1603
2052 1605
2053 1604
2054 1600
2055 1570
2056 1598
2057 1550
2058 1549
2059 1599
2060 1688
2061 1687
2062 1551
2063 1547
2064 1591
2065 1976
2066 1690
2067 1693
2068 1948
2069 1966
2070 1977
2071 1978
2072 1946
2073 1947
2074 1963
2075 1942
2076 1937
2077 1936
2078 1935
2079 1927
2080 1923
2081 1923
2082 1923
2083 1923
2084 2874
2085 2874
2086 2105
2087 2112
2088 1979
2089 2110
2090 1924
2091 1979
2092 2112
2093 1924
2094 2147
2095 1920
2096 2023
2097 1922
2098 1944
2099 2252
2100 2203
2101 2252
2102 2035
2103 2252
2104 2257
2105 2022
2106 2143
2107 2182
2108 2239
2109 2071
2110 2096
2111 2024
2112 2620
2113 1998
2114 2489
2115 1994
2116 2122
2117 2761
2118 2745
2119 2293
2120 2746
2121 2613
2122 2730
2123 2619
2124 2750
2125 4949
2126 4949
2127 4973
2128 4973
2129 4972
2130 4711
2131 4949
2132 4711
2133 4711
2134 4712
2135 4712
2136 4745
2137 877
2138 877
2139 877
2140 1366
2141 1366
2142 1366
2143 1366
2144 877
2145 4973
2146 4972
2147 1862
2148 1238
2149 1244
2150 2889
2151 1821
2152 5365
2153 5365
2154 4866
2155 5365
2156 4862
2157 4866
2158 4851
2159 4851
2160 4866
2161 4865
2162 5010
2163 5010
2164 4794
2165 4794
2166 4851
2167 4794
2168 4791
2169 4277
2170 626
2171 626
2172 626
2173 789
2174 1679
2175 1310
2176 1678
2177 1716
2178 1310
2179 788
2180 1310
2181 1311
2182 1680
2183 1314
2184 1679
2185 1680
2186 1314
2187 1310
2188 1377
2189 1377
2190 1682
2191 1682
2192 1376
2193 1376
2194 1392
2195 1391
2196 1710
2197 1392
2198 1391
2199 1377
2200 1390
2201 1390
2202 1390
2203 1390
2204 1392
2205 1392
2206 1389
2207 1389
2208 1390
2209 1390
2210 1389
2211 1389
2212 1389
2213 1259
2214 1904
2215 1389
2216 4727
2217 6348
2218 783
2219 711
2220 5282
2221 6470
2222 5290
2223 5293
2224 216
2225 440
2226 817
2227 452
2228 3663
2229 3662
2230 3796
2231 3839
2232 334
2233 284
2234 285
2235 150
2236 153
2237 153
2238 298
2239 298
2240 299
2241 224
2242 224
2243 223
2244 300
2245 301
2246 301
2247 305
2248 302
2249 3814
2250 3813
2251 3812
2252 3663
2253 3810
2254 3723
2255 3718
2256 300
2257 224
2258 3797
2259 3663
2260 3664
2261 298
2262 153
2263 151
2264 3814
2265 3050
2266 301
2267 298
2268 298
2269 3718
2270 216
2271 284
2272 305
2273 4978
2274 4917
2275 5335
2276 4918
2277 6282
2278 6282
2279 1861
2280 1829
2281 788
2282 789
2283 789
2284 1389
2285 1389
2286 1904
2287 2821
2288 2821
2289 1406
2290 1311
2291 1311
2292 2822
2293 2821
2294 1315
2295 1315
2296 1542
2297 1379
2298 1379
2299 1541
2300 1904
2301 1541
2302 1541
2303 1541
2304 1311
2305 1311
2306 1311
2307 1311
2308 1379
2309 1379
2310 1315
2311 1315
2312 1378
2313 1378
2314 1379
2315 1378
2316 1393
2317 1393
2318 1394
2319 1394
2320 1389
2321 1389
2322 1393
2323 1393
2324 1389
2325 1389
2326 1391
2327 1394
2328 1377
2329 1378
2330 1314
2331 1314
2332 1259
2333 1259
2334 1259
2335 1259
2336 790
2337 1380
2338 4712
2339 4712
2340 4801
2341 4801
2342 4712
2343 4117
2344 4117
2345 4117
2346 4117
2347 4114
2348 4116
2349 4114
2350 4115
2351 4116
2352 4115
2353 4115
2354 4115
2355 4871
2356 4868
2357 4115
2358 4115
2359 4870
2360 4869
2361 4868
2362 4869
2363 4859
2364 5206
2365 4859
2366 4744
2367 4863
2368 4863
2369 4744
2370 4862
2371 4862
2372 4862
2373 4863
2374 4863
2375 4744
2376 4862
2377 4862
2378 4860
2379 4858
2380 4714
2381 4715
2382 4714
2383 4862
2384 4861
2385 4862
2386 4861
2387 4866
2388 4861
2389 4861
2390 4861
2391 4852
2392 4852
2393 4867
2394 4864
2395 4795
2396 4795
2397 4852
2398 4849
2399 4276
2400 5185
2401 4795
2402 5148
2403 5145
2404 5145
2405 5185
2406 5145
2407 5145
2408 5147
2409 5145
2410 5146
2411 5144
2412 5147
2413 5218
2414 5218
2415 5147
2416 5218
2417 5218
2418 5218
2419 4860
2420 5189
2421 4861
2422 5189
2423 5140
2424 5139
2425 5138
2426 5136
2427 4869
2428 5142
2429 5141
2430 5203
2431 4868
2432 5143
2433 5142
2434 5143
2435 1258
2436 1259
2437 5365
2438 4862
2439 4862
2440 4866
2441 4866
2442 4865
2443 4865
2444 4794
2445 4795
2446 4114
2447 4276
2448 4114
2449 4114
2450 4114
2451 4114
2452 4115
2453 5144
2454 4115
2455 5144
2456 4114
2457 5145
2458 5144
2459 5144
2460 5144
2461 5144
2462 4114
2463 4114
2464 4790
2465 4276
2466 4849
2467 4795
2468 4866
2469 4865
2470 4862
2471 4866
2472 4862
2473 4862
2474 5365
2475 5143
2476 5144
2477 5106
2478 5106
2479 5218
2480 5107
2481 5203
2482 5204
2483 5107
2484 5104
2485 5100
2486 5204
2487 5146
2488 5217
2489 5145
2490 5146
2491 5217
2492 5217
2493 5185
2494 5148
2495 5146
2496 5176
2497 5149
2498 5149
2499 5148
2500 5149
2501 4864
2502 4864
2503 5151
2504 5181
2505 4861
2506 4867
2507 5183
2508 5188
2509 4862
2510 4862
2511 5365
2512 5365
2513 1392
2514 1392
2515 1389
2516 1390
2517 1904
2518 1904
2519 1393
2520 1393
2521 4861
2522 4861
2523 4862
2524 4862
2525 4862
2526 4862
2527 4861
2528 4861
2529 1393
2530 1393
2531 1393
2532 1393
2533 1904
2534 1390
2535 1390
2536 4862
2537 5365
2538 1243
2539 4861
2540 5188
2541 5188
2542 5188
2543 5186
2544 5187
2545 5188
2546 5186
2547 5175
2548 5175
2549 5187
2550 5187
2551 5188
2552 5188
2553 5187
2554 5188
2555 5129
2556 5129
2557 5175
2558 5172
2559 5174
2560 5187
2561 5112
2562 5112
2563 5205
2564 5112
2565 5112
2566 5205
2567 5094
2568 5094
2569 5092
2570 5094
2571 5092
2572 5092
2573 5073
2574 5073
2575 5094
2576 5073
2577 5073
2578 5095
2579 5190
2580 5190
2581 5074
2582 5190
2583 5074
2584 5074
2585 5159
2586 5159
2587 5190
2588 5159
2589 5159
2590 5155
2591 5052
2592 5158
2593 5159
2594 5052
2595 5158
2596 5159
2597 5435
2598 5435
2599 5052
2600 5052
2601 5435
2602 5435
2603 5435
2604 5434
2605 5435
2606 5435
2607 5434
2608 5434
2609 5433
2610 5433
2611 5435
2612 5435
2613 5433
2614 5434
2615 5436
2616 5433
2617 5435
2618 5436
2619 5433
2620 5433
2621 5425
2622 5416
2623 5436
2624 5425
2625 5425
2626 5419
2627 5056
2628 5415
2629 5416
2630 5414
2631 5415
2632 5416
2633 5121
2634 5134
2635 5118
2636 5121
2637 5220
2638 5218
2639 5164
2640 5164
2641 5121
2642 5163
2643 5133
2644 5134
2645 5376
2646 5376
2647 5085
2648 5376
2649 5376
2650 5164
2651 5161
2652 5050
2653 5211
2654 5211
2655 5211
2656 5041
2657 5160
2658 5160
2659 5161
2660 5160
2661 5160
2662 5050
2663 5028
2664 5028
2665 5160
2666 5028
2667 5028
2668 5160
2669 5412
2670 5025
2671 5025
2672 5025
2673 5025
2674 5028
2675 5412
2676 5412
2677 5409
2678 5412
2679 5412
2680 5025
2681 5413
2682 5412
2683 5413
2684 5413
2685 5412
2686 5412
2687 5055
2688 5411
2689 5057
2690 5055
2691 5055
2692 5026
2693 5411
2694 5411
2695 5413
2696 5410
2697 5411
2698 5411
2699 5056
2700 5418
2701 5415
2702 5418
2703 5220
2704 5134
2705 5134
2706 5134
2707 5134
2708 5133
2709 5213
2710 5213
2711 5220
2712 5134
2713 5134
2714 5134
2715 5115
2716 5116
2717 5134
2718 5116
2719 5153
2720 5152
2721 5116
2722 5117
2723 5100
2724 5103
2725 5152
2726 6471
2727 5134
2728 5133
2729 5213
2730 5213
2731 5116
2732 5036
2733 5213
2734 5033
2735 5117
2736 5035
2737 5033
2738 5034
2739 5131
2740 5097
2741 5034
2742 5192
2743 5214
2744 5172
2745 5189
2746 5175
2747 5113
2748 5113
2749 5361
2750 5205
2751 5205
2752 5205
2753 5175
2754 5361
2755 5205
2756 5205
2757 5205
2758 5112
2759 5112
2760 5093
2761 5113
2762 5093
2763 5093
2764 5093
2765 5193
2766 5081
2767 5080
2768 5080
2769 5034
2770 5076
2771 5081
2772 5077
2773 5033
2774 5377
2775 5076
2776 5076
2777 5213
2778 5377
2779 5377
2780 5377
2781 5213
2782 5044
2783 5043
2784 5044
2785 5376
2786 5376
2787 5041
2788 5041
2789 5050
2790 5050
2791 5042
2792 5041
2793 5050
2794 5050
2795 5063
2796 5042
2797 5050
2798 5049
2799 5077
2800 5062
2801 5049
2802 5064
2803 5081
2804 5078
2805 5065
2806 5197
2807 5378
2808 6334
2809 6334
2810 6334
2811 5093
2812 5094
2813 6334
2814 5073
2815 5094
2816 5094
2817 5050
2818 5047
2819 5160
2820 5047
2821 5050
2822 5047
2823 5047
2824 5047
2825 5049
2826 5047
2827 5047
2828 5047
2829 5064
2830 5022
2831 5048
2832 5048
2833 5198
2834 5198
2835 5022
2836 5021
2837 6334
2838 5191
2839 5030
2840 5030
2841 5073
2842 5191
2843 5191
2844 5191
2845 5074
2846 5191
2847 5191
2848 5190
2849 5190
2850 5190
2851 5030
2852 5030
2853 5030
2854 5053
2855 5195
2856 5024
2857 5054
2858 5196
2859 5022
2860 5057
2861 5024
2862 5023
2863 5047
2864 5027
2865 5057
2866 5027
2867 5047
2868 5027
2869 5027
2870 5027
2871 5047
2872 5028
2873 5028
2874 5028
2875 5028
2876 5028
2877 5028
2878 5025
2879 5025
2880 5025
2881 5028
2882 5025
2883 5025
2884 5025
2885 5412
2886 5025
2887 5027
2888 5026
2889 5025
2890 5025
2891 5412
2892 5026
2893 5024
2894 5024
2895 5055
2896 5056
2897 5056
2898 5056
2899 4745
2900 4745
2901 4717
2902 4716
2903 4860
2904 4860
2905 5189
2906 5189
2907 5201
2908 5214
2909 5097
2910 5096
2911 5378
2912 5378
2913 5078
2914 5079
2915 5195
2916 5029
2917 5053
2918 5053
2919 5054
2920 5030
2921 5031
2922 5031
2923 5378
2924 5079
2925 5099
2926 5099
2927 5113
2928 5361
2929 5137
2930 5215
2931 5189
2932 4860
2933 4715
2934 4716
2935 4716
2936 5054
2937 5051
2938 5414
2939 5219
2940 5219
2941 5219
2942 5053
2943 5052
2944 5051
2945 5052
2946 5436
2947 5435
2948 5053
2949 5053
2950 5159
2951 5053
2952 5435
2953 5052
2954 5052
2955 5052
2956 5053
2957 5052
2958 5052
2959 5052
2960 5052
2961 5435
2962 5052
2963 5435
2964 5435
2965 5435
2966 628
2967 629
2968 626
2969 626
2970 1396
2971 1395
2972 1259
2973 1388
2974 1389
2975 1388
2976 1259
2977 1388
2978 1388
2979 1388
2980 1259
2981 1233
2982 1388
2983 1233
2984 793
2985 1232
2986 1233
2987 1231
2988 1380
2989 1381
2990 1386
2991 1384
2992 1398
2993 1398
2994 629
2995 1395
2996 5188
2997 5188
2998 5187
2999 5187
3000 5178
3001 5178
3002 5187
3003 5184
3004 5151
3005 5150
3006 5179
3007 5150
3008 5176
3009 5108
3010 5109
3011 5111
3012 5217
3013 5177
3014 5111
3015 5122
3016 5120
3017 5125
3018 5209
3019 5208
3020 5124
3021 5208
3022 5184
3023 5167
3024 5088
3025 5089
3026 5187
3027 5174
3028 5173
3029 5173
3030 5173
3031 5173
3032 5129
3033 5112
3034 5112
3035 5112
3036 5112
3037 5112
3038 5370
3039 5127
3040 5168
3041 5207
3042 5135
3043 5087
3044 5125
3045 5083
3046 5087
3047 5083
3048 5085
3049 5085
3050 5084
3051 5375
3052 5376
3053 5375
3054 5221
3055 5221
3056 5375
3057 5045
3058 5168
3059 5169
3060 5374
3061 5372
3062 5112
3063 5092
3064 5095
3065 5095
3066 5095
3067 5095
3068 5375
3069 5066
3070 5161
3071 5066
3072 5046
3073 5038
3074 5037
3075 5038
3076 5095
3077 5072
3078 5373
3079 5199
3080 5095
3081 5073
3082 5072
3083 5072
3084 5073
3085 5073
3086 5155
3087 5155
3088 5074
3089 5074
3090 5155
3091 5155
3092 5075
3093 5075
3094 5039
3095 5039
3096 5154
3097 5069
3098 5067
3099 5067
3100 5016
3101 5015
3102 5160
3103 5019
3104 5019
3105 5020
3106 5028
3107 5020
3108 5069
3109 5060
3110 5018
3111 5017
3112 5154
3113 5156
3114 5155
3115 5156
3116 5156
3117 5156
3118 5060
3119 5157
3120 5159
3121 5159
3122 5156
3123 5158
3124 5156
3125 5437
3126 5060
3127 5059
3128 5162
3129 5162
3130 5409
3131 5409
3132 5210
3133 5409
3134 5441
3135 5058
3136 5158
3137 5437
3138 5158
3139 5158
3140 5438
3141 5434
3142 5434
3143 5434
3144 5434
3145 5398
3146 5438
3147 5401
3148 5434
3149 5401
3150 5439
3151 5439
3152 5401
3153 5401
3154 5427
3155 5427
3156 5400
3157 5422
3158 5409
3159 6335
3160 5380
3161 5379
3162 5409
3163 6335
3164 6335
3165 6335
3166 6335
3167 6335
3168 5385
3169 5385
3170 5413
3171 5413
3172 5385
3173 5387
3174 5410
3175 5410
3176 5387
3177 5410
3178 5415
3179 5417
3180 5410
3181 5417
3182 5395
3183 5395
3184 5392
3185 5392
3186 5433
3187 5433
3188 5395
3189 5420
3190 5433
3191 5399
3192 5399
3193 5399
3194 5434
3195 5399
3196 5398
3197 5398
3198 5399
3199 5399
3200 5608
3201 5608
3202 5440
3203 5440
3204 5440
3205 5440
3206 5403
3207 5423
3208 5430
3209 5383
3210 5383
3211 5384
3212 5573
3213 5573
3214 5573
3215 5573
3216 5384
3217 5384
3218 5386
3219 5386
3220 5388
3221 5389
3222 5703
3223 5747
3224 5396
3225 5609
3226 5608
3227 5608
3228 5608
3229 5608
3230 5385
3231 5384
3232 5384
3233 5385
3234 5399
3235 5396
3236 5397
3237 5398
3238 5417
3239 5390
3240 5393
3241 5393
3242 5400
3243 5403
3244 5424
3245 5421
3246 5384
3247 5387
3248 5747
3249 5420
3250 5398
3251 5397
3252 5440
3253 5398
3254 5382
3255 6335
3256 5387
3257 5391
3258 5402
3259 5401
3260 5605
3261 5605
3262 5605
3263 5718
3264 5717
3265 5497
3266 5656
3267 5662
3268 5645
3269 5688
3270 5530
3271 5485
3272 5485
3273 5713
3274 5713
3275 5713
3276 5713
3277 5485
3278 5448
3279 5446
3280 5556
3281 5556
3282 5554
3283 5716
3284 5701
3285 5539
3286 5605
3287 5605
3288 5605
3289 5605
3290 5573
3291 5484
3292 5485
3293 5481
3294 5549
3295 5718
3296 5718
3297 5549
3298 5484
3299 5573
3300 5521
3301 5718
3302 5718
3303 5521
3304 5484
3305 5573
3306 5745
3307 5568
3308 5482
3309 5570
3310 5494
3311 5404
3312 5553
3313 5564
3314 5740
3315 5430
3316 5474
3317 5566
3318 5532
3319 5691
3320 6084
3321 6081
3322 6071
3323 6073
3324 5751
3325 5635
3326 5636
3327 5460
3328 5461
3329 5457
3330 6160
3331 6169
3332 6184
3333 6182
3334 6182
3335 6182
3336 6195
3337 6201
3338 6217
3339 5507
3340 5504
3341 5600
3342 5732
3343 5519
3344 5593
3345 5651
3346 6081
3347 6084
3348 6076
3349 6063
3350 5545
3351 6071
3352 6071
3353 5545
3354 5713
3355 6170
3356 6183
3357 5712
3358 5544
3359 6069
3360 6183
3361 5712
3362 6071
3363 5542
3364 6215
3365 5709
3366 6073
3367 5604
3368 5506
3369 5557
3370 5462
3371 5632
3372 5603
3373 5468
3374 5458
3375 5671
3376 5593
3377 6239
3378 5472
3379 5692
3380 1678
3381 1677
3382 1675
3383 1675
3384 1679
3385 1707
3386 1677
3387 1707
3388 1677
3389 1676
3390 1673
3391 1673
3392 1676
3393 1676
3394 1737
3395 1734
3396 1637
3397 1638
3398 1386
3399 1671
3400 1735
3401 1634
3402 1234
3403 1669
3404 1668
3405 1669
3406 1387
3407 1718
3408 1669
3409 1718
3410 1390
3411 1718
3412 1718
3413 1718
3414 1390
3415 1719
3416 1718
3417 1719
3418 1390
3419 1719
3420 1719
3421 1719
3422 1390
3423 1719
3424 1719
3425 1719
3426 1714
3427 1714
3428 1719
3429 1714
3430 1710
3431 1710
3432 1714
3433 1709
3434 1680
3435 1642
3436 1711
3437 1681
3438 1639
3439 1642
3440 1619
3441 1740
3442 1681
3443 1739
3444 1698
3445 1712
3446 1640
3447 1653
3448 1740
3449 1656
3450 1651
3451 1654
3452 1708
3453 1652
3454 1654
3455 1654
3456 1694
3457 1613
3458 1651
3459 1651
3460 1613
3461 1654
3462 1614
3463 1614
3464 1663
3465 1695
3466 1614
3467 1613
3468 1915
3469 1915
3470 1614
3471 1573
3472 1915
3473 1614
3474 1691
3475 1691
3476 1579
3477 1691
3478 1742
3479 1742
3480 1692
3481 1557
3482 1692
3483 1692
3484 1692
3485 1692
3486 1557
3487 1557
3488 1557
3489 1557
3490 1557
3491 1557
3492 1556
3493 1693
3494 1556
3495 1556
3496 1693
3497 1693
3498 1946
3499 2874
3500 1951
3501 1951
3502 1946
3503 1946
3504 2874
3505 2874
3506 1951
3507 1951
3508 2874
3509 2874
3510 2874
3511 2874
3512 2874
3513 2874
3514 1923
3515 2874
3516 2874
3517 1923
3518 2874
3519 2874
3520 1923
3521 1923
3522 2874
3523 1951
3524 2874
3525 1951
3526 1925
3527 1925
3528 2874
3529 1950
3530 1923
3531 1923
3532 1705
3533 1705
3534 1622
3535 1696
3536 1715
3537 1712
3538 1706
3539 1705
3540 1706
3541 1706
3542 1705
3543 1720
3544 1658
3545 1703
3546 1658
3547 1658
3548 1704
3549 1705
3550 1643
3551 1643
3552 1657
3553 1643
3554 1643
3555 1658
3556 1624
3557 1625
3558 1623
3559 1624
3560 1625
3561 1623
3562 1605
3563 1605
3564 1624
3565 1606
3566 1606
3567 1606
3568 1688
3569 1721
3570 1605
3571 1688
3572 1721
3573 1605
3574 1689
3575 1689
3576 1688
3577 1689
3578 1689
3579 1721
3580 1978
3581 1974
3582 1690
3583 1690
3584 1690
3585 1690
3586 1975
3587 1975
3588 1978
3589 1975
3590 1975
3591 1974
3592 1936
3593 1936
3594 1937
3595 1936
3596 1972
3597 1972
3598 1933
3599 1933
3600 1936
3601 1959
3602 1959
3603 1936
3604 1950
3605 1950
3606 1949
3607 1934
3608 1925
3609 1934
3610 1749
3611 1649
3612 1652
3613 1649
3614 1748
3615 1751
3616 1751
3617 1751
3618 1636
3619 1751
3620 1751
3621 1751
3622 1735
3623 1645
3624 1648
3625 1645
3626 1719
3627 1720
3628 1719
3629 1720
3630 1717
3631 1704
3632 1717
3633 1704
3634 1703
3635 1703
3636 1717
3637 1704
3638 1703
3639 1703
3640 1670
3641 1746
3642 1747
3643 1747
3644 1631
3645 1632
3646 1731
3647 1733
3648 1684
3649 3013
3650 1900
3651 1736
3652 1643
3653 1643
3654 1900
3655 1644
3656 1643
3657 1644
3658 1732
3659 1627
3660 1644
3661 1627
3662 1661
3663 1723
3664 1627
3665 1630
3666 1646
3667 1566
3668 1723
3669 1566
3670 1664
3671 1665
3672 1566
3673 1565
3674 1664
3675 1665
3676 1665
3677 1665
3678 1650
3679 1650
3680 1665
3681 1650
3682 1663
3683 1650
3684 1695
3685 1665
3686 1743
3687 1573
3688 1744
3689 1574
3690 1564
3691 1916
3692 1573
3693 1574
3694 1573
3695 1573
3696 1574
3697 1916
3698 1724
3699 1724
3700 1608
3701 1607
3702 1628
3703 1611
3704 1610
3705 1611
3706 1626
3707 1917
3708 1611
3709 1917
3710 1626
3711 1625
3712 1625
3713 1625
3714 1625
3715 1625
3716 1625
3717 1606
3718 1917
3719 2873
3720 1611
3721 1612
3722 1722
3723 1722
3724 1562
3725 1612
3726 1610
3727 1728
3728 1609
3729 1728
3730 1605
3731 1722
3732 1608
3733 1596
3734 1593
3735 1596
3736 1574
3737 1572
3738 1575
3739 1572
3740 1573
3741 1572
3742 1915
3743 1572
3744 1691
3745 1691
3746 1742
3747 1742
3748 1572
3749 1742
3750 1572
3751 1572
3752 1572
3753 1579
3754 1691
3755 1579
3756 1572
3757 1579
3758 1579
3759 1579
3760 1580
3761 1580
3762 1579
3763 1579
3764 1594
3765 1594
3766 1581
3767 1555
3768 1561
3769 1561
3770 1552
3771 1726
3772 1722
3773 1563
3774 1560
3775 1563
3776 1722
3777 1721
3778 1721
3779 1721
3780 1721
3781 1721
3782 1578
3783 1692
3784 1692
3785 1692
3786 1578
3787 1578
3788 1692
3789 1578
3790 1578
3791 1578
3792 1578
3793 1578
3794 1555
3795 1554
3796 1558
3797 1587
3798 1560
3799 1727
3800 1554
3801 1727
3802 1563
3803 1584
3804 1583
3805 1583
3806 1721
3807 1689
3808 1584
3809 1584
3810 1689
3811 1689
3812 1557
3813 1557
3814 1557
3815 1557
3816 1557
3817 1557
3818 1557
3819 1557
3820 1558
3821 1557
3822 1556
3823 1556
3824 1554
3825 1586
3826 1556
3827 1559
3828 1750
3829 1750
3830 1957
3831 1954
3832 1585
3833 1582
3834 1964
3835 1973
3836 1585
3837 1585
3838 1974
3839 1974
3840 1973
3841 1974
3842 1556
3843 1556
3844 1556
3845 1556
3846 1556
3847 1556
3848 1951
3849 1951
3850 1556
3851 1951
3852 1951
3853 1951
3854 1952
3855 1952
3856 1951
3857 1951
3858 1954
3859 1932
3860 1949
3861 1931
3862 1973
3863 1973
3864 1958
3865 1958
3866 1974
3867 1974
3868 1972
3869 1975
3870 1975
3871 1975
3872 1972
3873 1958
3874 1932
3875 1932
3876 1951
3877 1951
3878 1655
3879 1616
3880 1740
3881 1666
3882 1618
3883 1618
3884 1622
3885 1621
3886 1738
3887 1700
3888 1706
3889 1660
3890 1910
3891 1660
3892 1659
3893 1657
3894 1660
3895 1657
3896 1643
3897 1657
3898 1613
3899 1616
3900 1616
3901 1615
3902 1614
3903 1615
3904 1738
3905 1752
3906 1617
3907 1752
3908 1700
3909 1701
3910 1752
3911 1701
3912 1660
3913 1643
3914 1702
3915 1623
3916 1643
3917 1623
3918 1623
3919 1624
3920 1624
3921 1624
3922 1702
3923 1911
3924 1624
3925 1911
3926 1752
3927 1576
3928 1912
3929 1912
3930 1617
3931 1577
3932 1576
3933 1577
3934 1914
3935 1914
3936 1568
3937 1568
3938 1597
3939 1597
3940 1571
3941 1571
3942 1568
3943 1570
3944 1730
3945 1730
3946 1601
3947 1600
3948 1624
3949 1603
3950 1605
3951 1605
3952 1604
3953 1604
3954 1605
3955 1688
3956 1688
3957 1688
3958 1600
3959 1685
3960 1688
3961 1685
3962 1601
3963 1601
3964 1599
3965 1602
3966 1569
3967 1569
3968 1549
3969 1546
3970 1692
3971 1550
3972 1546
3973 1547
3974 1557
3975 1551
3976 1602
3977 1591
3978 1547
3979 1548
3980 1685
3981 1686
3982 1591
3983 1590
3984 1688
3985 1687
3986 1686
3987 1687
3988 1687
3989 1687
3990 1551
3991 1693
3992 1693
3993 1693
3994 1548
3995 1741
3996 1948
3997 1741
3998 1686
3999 1980
4000 1592
4001 1589
4002 1687
4003 1690
4004 1976
4005 1978
4006 1978
4007 1978
4008 1693
4009 1946
4010 1946
4011 1946
4012 1741
4013 1971
4014 1946
4015 1971
4016 1968
4017 1977
4018 1965
4019 1968
4020 1978
4021 1978
4022 1942
4023 1942
4024 1975
4025 1942
4026 1946
4027 2874
4028 2874
4029 2874
4030 1971
4031 1921
4032 2874
4033 1918
4034 1939
4035 1939
4036 1960
4037 1940
4038 1942
4039 1941
4040 1941
4041 1941
4042 1937
4043 1937
4044 1941
4045 1937
4046 1936
4047 1935
4048 1935
4049 1935
4050 2243
4051 2243
4052 1935
4053 2286
4054 1925
4055 1926
4056 2242
4057 1926
4058 1923
4059 1923
4060 1924
4061 1924
4062 1923
4063 1923
4064 1924
4065 1924
4066 1923
4067 1923
4068 1924
4069 1924
4070 2874
4071 1923
4072 1923
4073 1923
4074 2874
4075 1923
4076 1923
4077 1923
4078 1919
4079 1919
4080 1923
4081 1923
4082 2244
4083 2106
4084 2108
4085 2108
4086 2032
4087 2032
4088 2087
4089 2087
4090 2026
4091 2016
4092 2097
4093 2017
4094 2023
4095 2022
4096 2024
4097 2024
4098 2024
4099 2022
4100 2022
4101 2023
4102 2112
4103 2112
4104 1969
4105 1922
4106 2112
4107 1922
4108 1935
4109 2088
4110 2099
4111 2103
4112 1924
4113 2022
4114 2023
4115 1924
4116 1940
4117 1943
4118 2108
4119 1941
4120 2018
4121 2109
4122 2112
4123 1924
4124 2059
4125 1938
4126 2023
4127 1924
4128 1922
4129 1923
4130 1919
4131 1922
4132 1969
4133 1961
4134 2199
4135 2171
4136 2064
4137 2063
4138 2063
4139 2697
4140 2697
4141 2278
4142 2772
4143 2054
4144 1981
4145 1990
4146 2115
4147 2712
4148 2710
4149 2723
4150 2723
4151 2723
4152 2710
4153 2710
4154 2704
4155 2250
4156 2212
4157 2221
4158 2287
4159 2224
4160 2024
4161 2253
4162 2710
4163 2252
4164 2208
4165 2211
4166 2192
4167 2060
4168 2704
4169 2024
4170 2143
4171 2031
4172 2252
4173 2022
4174 2081
4175 2284
4176 2069
4177 2073
4178 2084
4179 2284
4180 2230
4181 2226
4182 2007
4183 2093
4184 1986
4185 1988
4186 2276
4187 2510
4188 2588
4189 2633
4190 2643
4191 2677
4192 2677
4193 2669
4194 2487
4195 2378
4196 2388
4197 2186
4198 2181
4199 2181
4200 2765
4201 2766
4202 2745
4203 2746
4204 2746
4205 2753
4206 2766
4207 2762
4208 2368
4209 2274
4210 2125
4211 2125
4212 2623
4213 2643
4214 2627
4215 2597
4216 1996
4217 2259
4218 2270
4219 2000
4220 2379
4221 2268
4222 2706
4223 2761
4224 2162
4225 1992
4226 2769
4227 2737
4228 2745
4229 2729
4230 2494
4231 2062
4232 2746
4233 2729
4234 2619
4235 2612
4236 2753
4237 2723
4238 1366
4239 877
4240 1244
4241 2889
4242 1849
4243 1238
4244 4862
4245 4862
4246 4862
4247 5365
4248 4866
4249 4866
4250 4865
4251 5010
4252 4851
4253 4850
4254 626
4255 626
4256 627
4257 1310
4258 1311
4259 788
4260 788
4261 1310
4262 1314
4263 1314
4264 1315
4265 788
4266 1310
4267 788
4268 626
4269 1376
4270 1682
4271 1377
4272 1376
4273 1377
4274 1391
4275 1391
4276 1391
4277 1390
4278 1390
4279 1390
4280 1390
4281 1390
4282 1390
4283 1389
4284 1389
4285 1389
4286 1389
4287 1904
4288 1904
4289 6348
4290 5310
4291 4724
4292 4198
4293 5325
4294 5342
4295 3731
4296 4306
4297 223
4298 3665
4299 3665
4300 3665
4301 3665
4302 152
4303 153
4304 152
4305 3724
4306 3942
4307 3796
4308 3726
4309 300
4310 298
4311 298
4312 298
4313 3809
4314 3664
4315 3810
4316 451
4317 214
4318 334
4319 451
4320 206
4321 206
4322 206
4323 3720
4324 3719
4325 151
4326 151
4327 151
4328 217
4329 4791
4330 3011
4331 789
4332 789
4333 789
4334 1904
4335 1904
4336 1904
4337 1830
4338 1874
4339 1443
4340 1443
4341 1444
4342 1444
4343 1505
4344 2821
4345 2821
4346 2821
4347 2821
4348 2821
4349 1542
4350 2822
4351 1542
4352 1542
4353 1904
4354 1541
4355 1904
4356 1541
4357 1541
4358 1541
4359 1311
4360 1311
4361 1311
4362 789
4363 1315
4364 1315
4365 1315
4366 1315
4367 1379
4368 1379
4369 1379
4370 1379
4371 1378
4372 1378
4373 1394
4374 1394
4375 1393
4376 1393
4377 1393
4378 1393
4379 1389
4380 1389
4381 1389
4382 1389
4383 1393
4384 1393
4385 1393
4386 1393
4387 1394
4388 1394
4389 1394
4390 1377
4391 1376
4392 1379
4393 1376
4394 1376
4395 1679
4396 1314
4397 1314
4398 1310
4399 4712
4400 4117
4401 4117
4402 4116
4403 4116
4404 4116
4405 4115
4406 4116
4407 4116
4408 4116
4409 4115
4410 4116
4411 4871
4412 4871
4413 4868
4414 4870
4415 4855
4416 4856
4417 4856
4418 4717
4419 4717
4420 4886
4421 4744
4422 5365
4423 4744
4424 4862
4425 4862
4426 4862
4427 4862
4428 4863
4429 4863
4430 4860
4431 4863
4432 4863
4433 4863
4434 4862
4435 4862
4436 4862
4437 4862
4438 4862
4439 4861
4440 4861
4441 4861
4442 4866
4443 4867
4444 4867
4445 4852
4446 4849
4447 4852
4448 4849
4449 4849
4450 4790
4451 4795
4452 4790
4453 4790
4454 5145
4455 5145
4456 5145
4457 5145
4458 5144
4459 5147
4460 5147
4461 5147
4462 5147
4463 5147
4464 5218
4465 5147
4466 4860
4467 4861
4468 4861
4469 4861
4470 5189
4471 5189
4472 4860
4473 4860
4474 4857
4475 4858
4476 4857
4477 5206
4478 5143
4479 4869
4480 4868
4481 4868
4482 5145
4483 5145
4484 5145
4485 5145
4486 4114
4487 4114
4488 4114
4489 4114
4490 4115
4491 4115
4492 5144
4493 4115
4494 4115
4495 4114
4496 5144
4497 4115
4498 4114
4499 4114
4500 4114
4501 4114
4502 4791
4503 4790
4504 4790
4505 4276
4506 4850
4507 4851
4508 4849
4509 4795
4510 4866
4511 4866
4512 4866
4513 4865
4514 4862
4515 4862
4516 4862
4517 4862
4518 5365
4519 5365
4520 4862
4521 4862
4522 5144
4523 5144
4524 5143
4525 4115
4526 5107
4527 5106
4528 5106
4529 5147
4530 5105
4531 5142
4532 5106
4533 5105
4534 5140
4535 5141
4536 5204
4537 5101
4538 5146
4539 5146
4540 5146
4541 5146
4542 5185
4543 5146
4544 5185
4545 5185
4546 5148
4547 5148
4548 5148
4549 5149
4550 5151
4551 5151
4552 4852
4553 4852
4554 4867
4555 4867
4556 4867
4557 4867
4558 4862
4559 4862
4560 4866
4561 4866
4562 4861
4563 4861
4564 4861
4565 4861
4566 1389
4567 1393
4568 1393
4569 1393
4570 1389
4571 1389
4572 1393
4573 1393
4574 1904
4575 1904
4576 1392
4577 1392
4578 1392
4579 1392
4580 5365
4581 5365
4582 5365
4583 5188
4584 4861
4585 4861
4586 4861
4587 5188
4588 5189
4589 5186
4590 5186
4591 5188
4592 5188
4593 5188
4594 5188
4595 5187
4596 5174
4597 5172
4598 5174
4599 5205
4600 5205
4601 5112
4602 5205
4603 5092
4604 5092
4605 5094
4606 5092
4607 5094
4608 5073
4609 5073
4610 5073
4611 5074
4612 5074
4613 5074
4614 5074
4615 5190
4616 5190
4617 5159
4618 5190
4619 5159
4620 5158
4621 5158
4622 5158
4623 5052
4624 5052
4625 5435
4626 5435
4627 5435
4628 5435
4629 5435
4630 5435
4631 5434
4632 5435
4633 5433
4634 5433
4635 5433
4636 5433
4637 5433
4638 5433
4639 5436
4640 5425
4641 5425
4642 5419
4643 5416
4644 5416
4645 5415
4646 5415
4647 5118
4648 5118
4649 5121
4650 5220
4651 5121
4652 5132
4653 5132
4654 5133
4655 5085
4656 5044
4657 5376
4658 5044
4659 5041
4660 5211
4661 5211
4662 5211
4663 5161
4664 5161
4665 5160
4666 5161
4667 5160
4668 5028
4669 5028
4670 5160
4671 5028
4672 5025
4673 5025
4674 5025
4675 5412
4676 5412
4677 5412
4678 5412
4679 5412
4680 5413
4681 5412
4682 5412
4683 5026
4684 5027
4685 5026
4686 5026
4687 5026
4688 5411
4689 5411
4690 5055
4691 5418
4692 5418
4693 5418
4694 5418
4695 5218
4696 5220
4697 5220
4698 5220
4699 5133
4700 5134
4701 5133
4702 5133
4703 5220
4704 5220
4705 5134
4706 5220
4707 5115
4708 5220
4709 5134
4710 5115
4711 5104
4712 5115
4713 5114
4714 5114
4715 5102
4716 5102
4717 5153
4718 5152
4719 5133
4720 5133
4721 5134
4722 5133
4723 5116
4724 5133
4725 5036
4726 5036
4727 5117
4728 5036
4729 5035
4730 5035
4731 5194
4732 5194
4733 5192
4734 5131
4735 5215
4736 5137
4737 5216
4738 5215
4739 5205
4740 5205
4741 5361
4742 5205
4743 5188
4744 5188
4745 5188
4746 5188
4747 5172
4748 5361
4749 5205
4750 5172
4751 5172
4752 5172
4753 5175
4754 5175
4755 5205
4756 5205
4757 5205
4758 5112
4759 5093
4760 5113
4761 5113
4762 5113
4763 5099
4764 5093
4765 5113
4766 5099
4767 5077
4768 5193
4769 5193
4770 5034
4771 5076
4772 5034
4773 5033
4774 5377
4775 5377
4776 5377
4777 5033
4778 5377
4779 5043
4780 5043
4781 5213
4782 5043
4783 5044
4784 5043
4785 5213
4786 5044
4787 5041
4788 5041
4789 5041
4790 5211
4791 5041
4792 5041
4793 5041
4794 5041
4795 5042
4796 5042
4797 5042
4798 5042
4799 5062
4800 5063
4801 5063
4802 5063
4803 5197
4804 5077
4805 5062
4806 5197
4807 5079
4808 5080
4809 5078
4810 5079
4811 5094
4812 5094
4813 5094
4814 5094
4815 5092
4816 5093
4817 5094
4818 5094
4819 5050
4820 5050
4821 5161
4822 5047
4823 5050
4824 5050
4825 5047
4826 5050
4827 5050
4828 5050
4829 5047
4830 5050
4831 5049
4832 5049
4833 5048
4834 5064
4835 5065
4836 5065
4837 5021
4838 5198
4839 5032
4840 5032
4841 5032
4842 5031
4843 6334
4844 5191
4845 5191
4846 5073
4847 5073
4848 5073
4849 5073
4850 5073
4851 5191
4852 5191
4853 5191
4854 5190
4855 5030
4856 5190
4857 5190
4858 5030
4859 5053
4860 5030
4861 5030
4862 5030
4863 5023
4864 5021
4865 5021
4866 5022
4867 5027
4868 5022
4869 5048
4870 5027
4871 5027
4872 5047
4873 5047
4874 5047
4875 5027
4876 5047
4877 5047
4878 5160
4879 5028
4880 5160
4881 5160
4882 5160
4883 5028
4884 5028
4885 5025
4886 5025
4887 5028
4888 5028
4889 5028
4890 5025
4891 5025
4892 5025
4893 5025
4894 5025
4895 5026
4896 5027
4897 5025
4898 5025
4899 5412
4900 5025
4901 5025
4902 5412
4903 5411
4904 5411
4905 5411
4906 5411
4907 5056
4908 5024
4909 5023
4910 5023
4911 5055
4912 5056
4913 5056
4914 5056
4915 5196
4916 5029
4917 5029
4918 5195
4919 5191
4920 5031
4921 5031
4922 5191
4923 5378
4924 5378
4925 5378
4926 6334
4927 5080
4928 5099
4929 5098
4930 5098
4931 5096
4932 5202
4933 5202
4934 5130
4935 5186
4936 5186
4937 5186
4938 5175
4939 5139
4940 5138
4941 5138
4942 4715
4943 4715
4944 4715
4945 4716
4946 4714
4947 4744
4948 4863
4949 4744
4950 5196
4951 5196
4952 5024
4953 5196
4954 5219
4955 5414
4956 5414
4957 5414
4958 5052
4959 5053
4960 5054
4961 5051
4962 5436
4963 5051
4964 5051
4965 5436
4966 5159
4967 5190
4968 5053
4969 5159
4970 5159
4971 5052
4972 5052
4973 5052
4974 5053
4975 5053
4976 5053
4977 5053
4978 5052
4979 5052
4980 5052
4981 5052
4982 5052
4983 5052
4984 5052
4985 5052
4986 5435
4987 5435
4988 5435
4989 5435
4990 5435
4991 5435
4992 5435
4993 5435
4994 626
4995 627
4996 626
4997 626
4998 1389
4999 1259
5000 1389
5001 1389
5002 1259
5003 1389
5004 1388
5005 1388
5006 1259
5007 1388
5008 1388
5009 1388
5010 1414
5011 1233
5012 1233
5013 1232
5014 790
5015 1385
5016 1385
5017 1381
5018 1396
5019 1397
5020 1397
5021 1398
5022 1396
5023 629
5024 628
5025 628
5026 5188
5027 5188
5028 5188
5029 5187
5030 5183
5031 5183
5032 5188
5033 5183
5034 5151
5035 5181
5036 5178
5037 5180
5038 5108
5039 5149
5040 5109
5041 5109
5042 5176
5043 5176
5044 5176
5045 5176
5046 5119
5047 5177
5048 5122
5049 5119
5050 5123
5051 5123
5052 5110
5053 5110
5054 5088
5055 5209
5056 5180
5057 5166
5058 5174
5059 5174
5060 5187
5061 5174
5062 5174
5063 5174
5064 5187
5065 5174
5066 5205
5067 5205
5068 5205
5069 5112
5070 5127
5071 5128
5072 5126
5073 5126
5074 5091
5075 5090
5076 5371
5077 5171
5078 5083
5079 5124
5080 5135
5081 5083
5082 5163
5083 5125
5084 5082
5085 5082
5086 5376
5087 5085
5088 5085
5089 5376
5090 5045
5091 5084
5092 5086
5093 5086
5094 5170
5095 5221
5096 5170
5097 5169
5098 5092
5099 5112
5100 5092
5101 5092
5102 5092
5103 5092
5104 5092
5105 5112
5106 5211
5107 5375
5108 5211
5109 5211
5110 5038
5111 5037
5112 5066
5113 5045
5114 5199
5115 5373
5116 5373
5117 5374
5118 5095
5119 5072
5120 5095
5121 5095
5122 5073
5123 5095
5124 5095
5125 5073
5126 5074
5127 5074
5128 5074
5129 5074
5130 5075
5131 5074
5132 5074
5133 5074
5134 5070
5135 5071
5136 5071
5137 5071
5138 5040
5139 5040
5140 5039
5141 5040
5142 5161
5143 5161
5144 5067
5145 5160
5146 5028
5147 5160
5148 5028
5149 5028
5150 5018
5151 5015
5152 5015
5153 5016
5154 5156
5155 5155
5156 5155
5157 5155
5158 5154
5159 5061
5160 5069
5161 5068
5162 5159
5163 5155
5164 5155
5165 5155
5166 5025
5167 5025
5168 5162
5169 5162
5170 5407
5171 5407
5172 5018
5173 5210
5174 5058
5175 5058
5176 5061
5177 5441
5178 5158
5179 5437
5180 5156
5181 5158
5182 5158
5183 5158
5184 5159
5185 5158
5186 5434
5187 5434
5188 5435
5189 5434
5190 5438
5191 5438
5192 5434
5193 5438
5194 5438
5195 5438
5196 5438
5197 5438
5198 5429
5199 5439
5200 5429
5201 5426
5202 5408
5203 5432
5204 5408
5205 5408
5206 6335
5207 5409
5208 5409
5209 6335
5210 6335
5211 6335
5212 6335
5213 6335
5214 5413
5215 5413
5216 5413
5217 5413
5218 5413
5219 5413
5220 5413
5221 5410
5222 5417
5223 5418
5224 5410
5225 5417
5226 5415
5227 5415
5228 5392
5229 5392
5230 5419
5231 5395
5232 5419
5233 5419
5234 5433
5235 5433
5236 5399
5237 5433
5238 5434
5239 5434
5240 5434
5241 5434
5242 5433
5243 5433
5244 5399
5245 5434
5246 5385
5247 5385
5248 5384
5249 5385
5250 5399
5251 5399
5252 5396
5253 5396
5254 5392
5255 5390
5256 5393
5257 5393
5258 5428
5259 5400
5260 5406
5261 5422
5262 5385
5263 5384
5264 5384
5265 5385
5266 5420
5267 5394
5268 5704
5269 5420
5270 5398
5271 5398
5272 5397
5273 5398
5274 5379
5275 5381
5276 5381
5277 5382
5278 5387
5279 5387
5280 5384
5281 5387
5282 5399
5283 5399
5284 5396
5285 5399
5286 5398
5287 5398
5288 5440
5289 5402
5290 5385
5291 5385
5292 5384
5293 5385
5294 5391
5295 5387
5296 5391
5297 5391
5298 5398
5299 5397
5300 5397
5301 5397
5302 5401
5303 5402
5304 5402
5305 5402
5306 5573
5307 5483
5308 5485
5309 5483
5310 5549
5311 5548
5312 5718
5313 5745
5314 5573
5315 5484
5316 5485
5317 5483
5318 5521
5319 5745
5320 5718
5321 5548
5322 5573
5323 5483
5324 5484
5325 5483
5326 5568
5327 5495
5328 5745
5329 5495
5330 5570
5331 5481
5332 5482
5333 5480
5334 5568
5335 5520
5336 5492
5337 5568
5338 5572
5339 5479
5340 5478
5341 5560
5342 5405
5343 5567
5344 5667
5345 5669
5346 5565
5347 5559
5348 5477
5349 5475
5350 5431
5351 5702
5352 5643
5353 5691
5354 5550
5355 5486
5356 5582
5357 5548
5358 5573
5359 5534
5360 5484
5361 5483
5362 5521
5363 5745
5364 5718
5365 5745
5366 5545
5367 6074
5368 6084
5369 6074
5370 5712
5371 6164
5372 6171
5373 6171
5374 5545
5375 6056
5376 6063
5377 6074
5378 5712
5379 6171
5380 6183
5381 6171
5382 5545
5383 6074
5384 6071
5385 6074
5386 5710
5387 6164
5388 6204
5389 6163
5390 5542
5391 5654
5392 6073
5393 5524
5394 5449
5395 5576
5396 6162
5397 5451
5398 5604
5399 5524
5400 5525
5401 5634
5402 5555
5403 5445
5404 5505
5405 5503
5406 5660
5407 5465
5408 5463
5409 5459
5410 5612
5411 5510
5412 5598
5413 5513
5414 5684
5415 5674
5416 5611
5417 5685
5418 6234
5419 6237
5420 5649
5421 6232
5422 5714
5423 5748
5424 6167
5425 5711
5426 1716
5427 1678
5428 1677
5429 1707
5430 1678
5431 1678
5432 1678
5433 1678
5434 1673
5435 1675
5436 1675
5437 1675
5438 1674
5439 1674
5440 1673
5441 1398
5442 1672
5443 1734
5444 1384
5445 1672
5446 1668
5447 1231
5448 1231
5449 1234
5450 1718
5451 1234
5452 1387
5453 1387
5454 1718
5455 1387
5456 1387
5457 1387
5458 1719
5459 1390
5460 1390
5461 1390
5462 1719
5463 1390
5464 1390
5465 1390
5466 1719
5467 1719
5468 1390
5469 1719
5470 1714
5471 1719
5472 1392
5473 1714
5474 1709
5475 1709
5476 1709
5477 1709
5478 1681
5479 1710
5480 1682
5481 1682
5482 1680
5483 1639
5484 1639
5485 1680
5486 1711
5487 1739
5488 1713
5489 1713
5490 1656
5491 1641
5492 1641
5493 1641
5494 1653
5495 1652
5496 1651
5497 1654
5498 1651
5499 1651
5500 1694
5501 1654
5502 1694
5503 1694
5504 1614
5505 1695
5506 1614
5507 1573
5508 1915
5509 1915
5510 1691
5511 1691
5512 1691
5513 1691
5514 1692
5515 1692
5516 1692
5517 1692
5518 1557
5519 1557
5520 1557
5521 1557
5522 1556
5523 1556
5524 1556
5525 1556
5526 1951
5527 1951
5528 1946
5529 1946
5530 2874
5531 2874
5532 2874
5533 2874
5534 2874
5535 2874
5536 2874
5537 2874
5538 2874
5539 2874
5540 2874
5541 2874
5542 1950
5543 1950
5544 1950
5545 2874
5546 2874
5547 1951
5548 1951
5549 1951
5550 1698
5551 1697
5552 1697
5553 1715
5554 1705
5555 1706
5556 1705
5557 1705
5558 1706
5559 1706
5560 1703
5561 1706
5562 1736
5563 1657
5564 1643
5565 1736
5566 1623
5567 1623
5568 1624
5569 1623
5570 1606
5571 1606
5572 1606
5573 1606
5574 1605
5575 1605
5576 1688
5577 1605
5578 1688
5579 1689
5580 1689
5581 1689
5582 1690
5583 1690
5584 1690
5585 1690
5586 1974
5587 1978
5588 1975
5589 1974
5590 1972
5591 1936
5592 1936
5593 1972
5594 1936
5595 1959
5596 1959
5597 1959
5598 1956
5599 1931
5600 1956
5601 1949
5602 2874
5603 1923
5604 1923
5605 2874
5606 1649
5607 1708
5608 1749
5609 1749
5610 1748
5611 1751
5612 1749
5613 1749
5614 1748
5615 1751
5616 1748
5617 1748
5618 1635
5619 1648
5620 1636
5621 1638
5622 1714
5623 1715
5624 1714
5625 1714
5626 1720
5627 1720
5628 1720
5629 1719
5630 1720
5631 1705
5632 1720
5633 1719
5634 1717
5635 1717
5636 1717
5637 1704
5638 1717
5639 1717
5640 1717
5641 1704
5642 1746
5643 1670
5644 1717
5645 1746
5646 1632
5647 1667
5648 1745
5649 1745
5650 1633
5651 1633
5652 1683
5653 1634
5654 1736
5655 1658
5656 1736
5657 1643
5658 1900
5659 1736
5660 1736
5661 1736
5662 1900
5663 1736
5664 1644
5665 1732
5666 1662
5667 1662
5668 1630
5669 1661
5670 1725
5671 1725
5672 1725
5673 1723
5674 1647
5675 1647
5676 1646
5677 1565
5678 1664
5679 1664
5680 1664
5681 1665
5682 1650
5683 1650
5684 1664
5685 1650
5686 1650
5687 1650
5688 1650
5689 1650
5690 1663
5691 1663
5692 1663
5693 1663
5694 1574
5695 1744
5696 1744
5697 1744
5698 1573
5699 1695
5700 1744
5701 1573
5702 1916
5703 1744
5704 1744
5705 1564
5706 1608
5707 1567
5708 1567
5709 1724
5710 1610
5711 1724
5712 1629
5713 1629
5714 1917
5715 1628
5716 1628
5717 1628
5718 1625
5719 1626
5720 1626
5721 1626
5722 1625
5723 1623
5724 1623
5725 1623
5726 2873
5727 1625
5728 1606
5729 2873
5730 1612
5731 1917
5732 2873
5733 1612
5734 1728
5735 1610
5736 1609
5737 1609
5738 1606
5739 1606
5740 1625
5741 1606
5742 1596
5743 1607
5744 1593
5745 1593
5746 1575
5747 1916
5748 1575
5749 1575
5750 1915
5751 1572
5752 1742
5753 1742
5754 1572
5755 1572
5756 1915
5757 1572
5758 1573
5759 1572
5760 1572
5761 1572
5762 1579
5763 1579
5764 1579
5765 1579
5766 1579
5767 1579
5768 1572
5769 1579
5770 1579
5771 1579
5772 1579
5773 1579
5774 1595
5775 1580
5776 1595
5777 1594
5778 1729
5779 1729
5780 1729
5781 1561
5782 1563
5783 1562
5784 1562
5785 1562
5786 1721
5787 1722
5788 1722
5789 1722
5790 1721
5791 1722
5792 1605
5793 1605
5794 1692
5795 1692
5796 1692
5797 1692
5798 1578
5799 1578
5800 1578
5801 1579
5802 1578
5803 1578
5804 1578
5805 1578
5806 1555
5807 1581
5808 1578
5809 1581
5810 1726
5811 1553
5812 1552
5813 1726
5814 1584
5815 1583
5816 1560
5817 1560
5818 1689
5819 1584
5820 1584
5821 1721
5822 1689
5823 1689
5824 1721
5825 1689
5826 1557
5827 1557
5828 1557
5829 1557
5830 1557
5831 1557
5832 1557
5833 1557
5834 1557
5835 1557
5836 1557
5837 1557
5838 1559
5839 1556
5840 1558
5841 1558
5842 1953
5843 1588
5844 1588
5845 1553
5846 1582
5847 1582
5848 1750
5849 1582
5850 1690
5851 1690
5852 1690
5853 1690
5854 1585
5855 1585
5856 1585
5857 1585
5858 1556
5859 1556
5860 1556
5861 1556
5862 1556
5863 1556
5864 1556
5865 1556
5866 1556
5867 1556
5868 1556
5869 1556
5870 1951
5871 1951
5872 1951
5873 1556
5874 1954
5875 1955
5876 1957
5877 1955
5878 1973
5879 1958
5880 1964
5881 1964
5882 1974
5883 1973
5884 1973
5885 1974
5886 1974
5887 1974
5888 1974
5889 1974
5890 1972
5891 1972
5892 1972
5893 1972
5894 1958
5895 1958
5896 1958
5897 1958
5898 1929
5899 1934
5900 1929
5901 1928
5902 1951
5903 1951
5904 1951
5905 1951
5906 1951
5907 1951
5908 1951
5909 1951
5910 1666
5911 1666
5912 1655
5913 1666
5914 1620
5915 1619
5916 1620
5917 1620
5918 1696
5919 1909
5920 1910
5921 1659
5922 1659
5923 1659
5924 1660
5925 1659
5926 1658
5927 1657
5928 1657
5929 1658
5930 1654
5931 1654
5932 1613
5933 1655
5934 1615
5935 1616
5936 1614
5937 1615
5938 1618
5939 1617
5940 1617
5941 1618
5942 1738
5943 1738
5944 1701
5945 1700
5946 1699
5947 1699
5948 1699
5949 1699
5950 1643
5951 1643
5952 1643
5953 1657
5954 1623
5955 1623
5956 1623
5957 1624
5958 1624
5959 1623
5960 1702
5961 1911
5962 1912
5963 1912
5964 1701
5965 1912
5966 1577
5967 1576
5968 1617
5969 1577
5970 1914
5971 1914
5972 1615
5973 1915
5974 1597
5975 1742
5976 1742
5977 1597
5978 1571
5979 1571
5980 1568
5981 1571
5982 1730
5983 1913
5984 1913
5985 1913
5986 1606
5987 1624
5988 1603
5989 1606
5990 1603
5991 1603
5992 1603
5993 1603
5994 1605
5995 1605
5996 1605
5997 1688
5998 1685
5999 1604
6000 1604
6001 1604
6002 1599
6003 1600
6004 1600
6005 1601
6006 1570
6007 1570
6008 1570
6009 1569
6010 1598
6011 1598
6012 1598
6013 1691
6014 1550
6015 1550
6016 1692
6017 1550
6018 1549
6019 1549
6020 1546
6021 1548
6022 1599
6023 1599
6024 1602
6025 1590
6026 1688
6027 1688
6028 1685
6029 1687
6030 1689
6031 1688
6032 1688
6033 1687
6034 1551
6035 1551
6036 1557
6037 1551
6038 1547
6039 1547
6040 1948
6041 1548
6042 1591
6043 1591
6044 1592
6045 1589
6046 1687
6047 1976
6048 1976
6049 1690
6050 1690
6051 1690
6052 1690
6053 1690
6054 1693
6055 1693
6056 1693
6057 1693
6058 1948
6059 1948
6060 1947
6061 1741
6062 1592
6063 1965
6064 1966
6065 1968
6066 1978
6067 1977
6068 1977
6069 1978
6070 1978
6071 1978
6072 1978
6073 1975
6074 1946
6075 1946
6076 1946
6077 1946
6078 1947
6079 1947
6080 1918
6081 1921
6082 1966
6083 1960
6084 1963
6085 1967
6086 1942
6087 1939
6088 1942
6089 1942
6090 1937
6091 1975
6092 1937
6093 1937
6094 1936
6095 1937
6096 1935
6097 1936
6098 1936
6099 1935
6100 1935
6101 2286
6102 1926
6103 1929
6104 2242
6105 1927
6106 1923
6107 1923
6108 1924
6109 1923
6110 1923
6111 1923
6112 1923
6113 1923
6114 1923
6115 1923
6116 1923
6117 1923
6118 2874
6119 1923
6120 1923
6121 2874
6122 2874
6123 2874
6124 1923
6125 2874
6126 2874
6127 2874
6128 1923
6129 1923
6130 2148
6131 2148
6132 2025
6133 2104
6134 1924
6135 2023
6136 2022
6137 2112
6138 1941
6139 1940
6140 1979
6141 1979
6142 2110
6143 2102
6144 2020
6145 2109
6146 1924
6147 1924
6148 2112
6149 1924
6150 1938
6151 1979
6152 2108
6153 1938
6154 1924
6155 2112
6156 2023
6157 2023
6158 1923
6159 1924
6160 1924
6161 1924
6162 1938
6163 2147
6164 2059
6165 2147
6166 1919
6167 1919
6168 1970
6169 1920
6170 1924
6171 2023
6172 2022
6173 2023
6174 1923
6175 1924
6176 1922
6177 1922
6178 1944
6179 1962
6180 1945
6181 1940
6182 2024
6183 2252
6184 2704
6185 2252
6186 2206
6187 2202
6188 2197
6189 2065
6190 2024
6191 2252
6192 2710
6193 2252
6194 2032
6195 2035
6196 2144
6197 2035
6198 2024
6199 2252
6200 2253
6201 2024
6202 2284
6203 2257
6204 2081
6205 2257
6206 2023
6207 2024
6208 2252
6209 2022
6210 2284
6211 2143
6212 2081
6213 2143
6214 2235
6215 2229
6216 2183
6217 2185
6218 2120
6219 2080
6220 2078
6221 2255
6222 2230
6223 2071
6224 2070
6225 2071
6226 2017
6227 2096
6228 2095
6229 1985
6230 2022
6231 1987
6232 2248
6233 2024
6234 2610
6235 2619
6236 2685
6237 2631
6238 2150
6239 2134
6240 2179
6241 1998
6242 2131
6243 2511
6244 2497
6245 2058
6246 2009
6247 2714
6248 2258
6249 1994
6250 2046
6251 2222
6252 2128
6253 2160
6254 2756
6255 2164
6256 2181
6257 2761
6258 2735
6259 2765
6260 2766
6261 2745
6262 2001
6263 2198
6264 2291
6265 2152
6266 2729
6267 2746
6268 2746
6269 2730
6270 2194
6271 2617
6272 2589
6273 2618
6274 2719
6275 2730
6276 2746
6277 2730
6278 2610
6279 2622
6280 2640
6281 2619
6282 2708
6283 2726
6284 2762
6285 2716
6286 1366
6287 1366
6288 877
6289 877
6290 1244
6291 1244
6292 2889
6293 2889
6294 1849
6295 1849
6296 1821
6297 1238
6298 5365
6299 4862
6300 4866
6301 5365
6302 5365
6303 4866
6304 4865
6305 4865
6306 4851
6307 4851
6308 4794
6309 626
6310 626
6311 1310
6312 1311
6313 1311
6314 788
6315 1315
6316 1310
6317 1314
6318 1314
6319 626
6320 1716
6321 1310
6322 788
6323 1376
6324 1680
6325 1377
6326 1377
6327 1377
6328 1391
6329 1391
6330 1391
6331 1390
6332 1390
6333 1390
6334 1390
6335 1389
6336 1390
6337 1389
6338 1389
6339 1389
6340 1389
6341 1904
6342 1904
6343 4727
6344 6348
6345 6348
6346 4269
6347 6470
6348 440
6349 223
6350 224
6351 3665
6352 3665
6353 3663
6354 153
6355 153
6356 3768
6357 3839
6358 3796
6359 301
6360 300
6361 298
6362 298
6363 3664
6364 3663
6365 3810
6366 451
6367 214
6368 284
6369 334
6370 209
6371 206
6372 3723
6373 216
6374 151
6375 151
6376 285
6377 3814
6378 302
6379 3011
6380 789
6381 789
6382 1904
6383 1904
6384 1406
6385 2821
6386 2821
6387 2821
6388 2821
6389 1542
6390 2822
6391 1542
6392 1542
6393 1904
6394 1904
6395 1541
6396 1541
6397 1311
6398 1311
6399 1311
6400 789
6401 1315
6402 1315
6403 1315
6404 1315
6405 1379
6406 1379
6407 1379
6408 1378
6409 1394
6410 1378
6411 1378
6412 1394
6413 1393
6414 1393
6415 1393
6416 1393
6417 1389
6418 1389
6419 1389
6420 1389
6421 1393
6422 1393
6423 1393
6424 1391
6425 1391
6426 1394
6427 1394
6428 1377
6429 1376
6430 1378
6431 1379
6432 1376
6433 1679
6434 1680
6435 1314
6436 1310
6437 4801
6438 4712
6439 4117
6440 4117
6441 4116
6442 4116
6443 4115
6444 4115
6445 4116
6446 4116
6447 4115
6448 4115
6449 4870
6450 4871
6451 4868
6452 4869
6453 4855
6454 4859
6455 4717
6456 4716
6457 4744
6458 4862
6459 4744
6460 4862
6461 4862
6462 4862
6463 4862
6464 4863
6465 4860
6466 4863
6467 4863
6468 4863
6469 4862
6470 4862
6471 4862
6472 4861
6473 4861
6474 4862
6475 4861
6476 4861
6477 4865
6478 4866
6479 4867
6480 4864
6481 4849
6482 4852
6483 4852
6484 4849
6485 4790
6486 4795
6487 4795
6488 5148
6489 5145
6490 4276
6491 5185
6492 5145
6493 5144
6494 5145
6495 5147
6496 5147
6497 5147
6498 5147
6499 5218
6500 5218
6501 4860
6502 4860
6503 4861
6504 4861
6505 4860
6506 5189
6507 5189
6508 4860
6509 5203
6510 4858
6511 4857
6512 5206
6513 5143
6514 5142
6515 4869
6516 4868
6517 5145
6518 5145
6519 5145
6520 5146
6521 4114
6522 4114
6523 4114
6524 4114
6525 4115
6526 4115
6527 5144
6528 5144
6529 4115
6530 4114
6531 5144
6532 5144
6533 4114
6534 4114
6535 4114
6536 4114
6537 4277
6538 4791
6539 4790
6540 4276
6541 4794
6542 4851
6543 4849
6544 4795
6545 4865
6546 4866
6547 4866
6548 4865
6549 4862
6550 4862
6551 4862
6552 4862
6553 4862
6554 5365
6555 4862
6556 4862
6557 5365
6558 4115
6559 5144
6560 5143
6561 4115
6562 5218
6563 5107
6564 5106
6565 5147
6566 5105
6567 5142
6568 5106
6569 5106
6570 5140
6571 5141
6572 5203
6573 5204
6574 5146
6575 5146
6576 5146
6577 5217
6578 5185
6579 5146
6580 5145
6581 5185
6582 5149
6583 5148
6584 5148
6585 5149
6586 4864
6587 5151
6588 4849
6589 4852
6590 4867
6591 4867
6592 4864
6593 4867
6594 4866
6595 4862
6596 4862
6597 4866
6598 4866
6599 4861
6600 4861
6601 4861
6602 1389
6603 1389
6604 1393
6605 1393
6606 1393
6607 1389
6608 1393
6609 1393
6610 1904
6611 1904
6612 1392
6613 1392
6614 1392
6615 1392
6616 5365
6617 4862
6618 5365
6619 5188
6620 4861
6621 4861
6622 4861
6623 5186
6624 5189
6625 5189
6626 5186
6627 5188
6628 5188
6629 5187
6630 5188
6631 5187
6632 5187
6633 5172
6634 5172
6635 5205
6636 5205
6637 5112
6638 5112
6639 5092
6640 5092
6641 5094
6642 5092
6643 5095
6644 5094
6645 5073
6646 5073
6647 5074
6648 5074
6649 5074
6650 5074
6651 5190
6652 5190
6653 5159
6654 5159
6655 5159
6656 5159
6657 5158
6658 5158
6659 5435
6660 5052
6661 5435
6662 5435
6663 5435
6664 5435
6665 5435
6666 5434
6667 5434
6668 5435
6669 5434
6670 5433
6671 5433
6672 5433
6673 5433
6674 5433
6675 5419
6676 5436
6677 5425
6678 5425
6679 5416
6680 5416
6681 5415
6682 5415
6683 5217
6684 5118
6685 5121
6686 5220
6687 5134
6688 5121
6689 5132
6690 5132
6691 5164
6692 5085
6693 5376
6694 5376
6695 5041
6696 5041
6697 5211
6698 5211
6699 5161
6700 5161
6701 5160
6702 5160
6703 5160
6704 5160
6705 5028
6706 5028
6707 5028
6708 5028
6709 5025
6710 5025
6711 5025
6712 5412
6713 5412
6714 5412
6715 5412
6716 5412
6717 5413
6718 5412
6719 5026
6720 5057
6721 5027
6722 5026
6723 5055
6724 5026
6725 5411
6726 5411
6727 5056
6728 5418
6729 5418
6730 5415
6731 5218
6732 5218
6733 5220
6734 5134
6735 5133
6736 5134
6737 5134
6738 5133
6739 5220
6740 5220
6741 5134
6742 5134
6743 5115
6744 5220
6745 5134
6746 5116
6747 5104
6748 5107
6749 5116
6750 5114
6751 6471
6752 5100
6753 5153
6754 5152
6755 5133
6756 5133
6757 5134
6758 5134
6759 5116
6760 5116
6761 5036
6762 5036
6763 5117
6764 5116
6765 5036
6766 5035
6767 5131
6768 5194
6769 5192
6770 5192
6771 5215
6772 5137
6773 5136
6774 5216
6775 5113
6776 5205
6777 5361
6778 5361
6779 5188
6780 5188
6781 5186
6782 5188
6783 5175
6784 5172
6785 5205
6786 5205
6787 5175
6788 5172
6789 5172
6790 5175
6791 5112
6792 5205
6793 5205
6794 5112
6795 5093
6796 5093
6797 5205
6798 5113
6799 5099
6800 5093
6801 5113
6802 5099
6803 5077
6804 5081
6805 5193
6806 5034
6807 5076
6808 5076
6809 5034
6810 5033
6811 5377
6812 5377
6813 5033
6814 5213
6815 5043
6816 5043
6817 5213
6818 5213
6819 5044
6820 5044
6821 5213
6822 5213
6823 5041
6824 5041
6825 5041
6826 5211
6827 5041
6828 5042
6829 5041
6830 5041
6831 5042
6832 5042
6833 5042
6834 5041
6835 5062
6836 5063
6837 5063
6838 5063
6839 5197
6840 5081
6841 5077
6842 5062
6843 5079
6844 5080
6845 5080
6846 5078
6847 5094
6848 5093
6849 5094
6850 6334
6851 5094
6852 5093
6853 5093
6854 5094
6855 5047
6856 5050
6857 5050
6858 5047
6859 5050
6860 5050
6861 5047
6862 5047
6863 5049
6864 5050
6865 5047
6866 5047
6867 5064
6868 5049
6869 5048
6870 5048
6871 5198
6872 5065
6873 5022
6874 5198
6875 5031
6876 5032
6877 5032
6878 5031
6879 5073
6880 6334
6881 5191
6882 5191
6883 5073
6884 5073
6885 5073
6886 5073
6887 5190
6888 5191
6889 5191
6890 5190
6891 5030
6892 5190
6893 5191
6894 5190
6895 5053
6896 5053
6897 5030
6898 5030
6899 5023
6900 5024
6901 5021
6902 5022
6903 5027
6904 5057
6905 5048
6906 5047
6907 5027
6908 5027
6909 5047
6910 5047
6911 5028
6912 5027
6913 5047
6914 5047
6915 5028
6916 5028
6917 5160
6918 5160
6919 5025
6920 5028
6921 5028
6922 5025
6923 5025
6924 5028
6925 5028
6926 5025
6927 5025
6928 5025
6929 5025
6930 5025
6931 5026
6932 5027
6933 5027
6934 5025
6935 5412
6936 5025
6937 5025
6938 5412
6939 5413
6940 5411
6941 5411
6942 5411
6943 5055
6944 5056
6945 5024
6946 5023
6947 5055
6948 5055
6949 5056
6950 5056
6951 5196
6952 5054
6953 5029
6954 5195
6955 6334
6956 5031
6957 5031
6958 5191
6959 6334
6960 5378
6961 5378
6962 6334
6963 5098
6964 5099
6965 5099
6966 5098
6967 5097
6968 5096
6969 5202
6970 5130
6971 5175
6972 5186
6973 5186
6974 5175
6975 5139
6976 5139
6977 5138
6978 4715
6979 4714
6980 4715
6981 4716
6982 4714
6983 4863
6984 4744
6985 5219
6986 5054
6987 5024
6988 5024
6989 5219
6990 5219
6991 5414
6992 5414
6993 5052
6994 5053
6995 5054
6996 5051
6997 5436
6998 5051
6999 5051
7000 5425
7001 5159
7002 5190
7003 5190
7004 5053
7005 5159
7006 5052
7007 5052
7008 5052
7009 5053
7010 5052
7011 5053
7012 5053
7013 5052
7014 5052
7015 5052
7016 5052
7017 5435
7018 5052
7019 5052
7020 5052
7021 5435
7022 5435
7023 5435
7024 5436
7025 5435
7026 5435
7027 5052
7028 5435
7029 626
7030 627
7031 627
7032 626
7033 1389
7034 1259
7035 1259
7036 1389
7037 1259
7038 1259
7039 1388
7040 1388
7041 1259
7042 1259
7043 1388
7044 1388
7045 1414
7046 1414
7047 1233
7048 1232
7049 1380
7050 793
7051 1385
7052 1381
7053 1395
7054 1396
7055 1397
7056 1382
7057 628
7058 1395
7059 629
7060 628
7061 5188
7062 5188
7063 5188
7064 5187
7065 5183
7066 5183
7067 5188
7068 5188
7069 5150
7070 5151
7071 5178
7072 5178
7073 5108
7074 5108
7075 5149
7076 5109
7077 5217
7078 5146
7079 5176
7080 5176
7081 5119
7082 5177
7083 5111
7084 5122
7085 5123
7086 5123
7087 5111
7088 5110
7089 5166
7090 5088
7091 5209
7092 5179
7093 5174
7094 5174
7095 5184
7096 5187
7097 5174
7098 5174
7099 5187
7100 5187
7101 5112
7102 5129
7103 5205
7104 5112
7105 5127
7106 5128
7107 5129
7108 5126
7109 5207
7110 5091
7111 5370
7112 5371
7113 5083
7114 5124
7115 5135
7116 5087
7117 5082
7118 5120
7119 5125
7120 5082
7121 5376
7122 5085
7123 5085
7124 5376
7125 5086
7126 5375
7127 5084
7128 5086
7129 5169
7130 5221
7131 5221
7132 5168
7133 5092
7134 5112
7135 5092
7136 5092
7137 5112
7138 5092
7139 5092
7140 5112
7141 5211
7142 5211
7143 5375
7144 5066
7145 5045
7146 5038
7147 5037
7148 5375
7149 5372
7150 5199
7151 5373
7152 5374
7153 5095
7154 5072
7155 5072
7156 5095
7157 5073
7158 5073
7159 5095
7160 5095
7161 5074
7162 5074
7163 5074
7164 5074
7165 5075
7166 5075
7167 5074
7168 5074
7169 5070
7170 5070
7171 5071
7172 5071
7173 5040
7174 5040
7175 5039
7176 5039
7177 5160
7178 5161
7179 5067
7180 5160
7181 5028
7182 5160
7183 5019
7184 5028
7185 5017
7186 5018
7187 5015
7188 5016
7189 5156
7190 5156
7191 5155
7192 5155
7193 5154
7194 5157
7195 5061
7196 5069
7197 5159
7198 5159
7199 5155
7200 5155
7201 5025
7202 5025
7203 5162
7204 5162
7205 5210
7206 5407
7207 5018
7208 5017
7209 5441
7210 5058
7211 5060
7212 5157
7213 5158
7214 5437
7215 5156
7216 5156
7217 5158
7218 5158
7219 5156
7220 5159
7221 5434
7222 5434
7223 5435
7224 5434
7225 5438
7226 5438
7227 5434
7228 5401
7229 5438
7230 5438
7231 5438
7232 5439
7233 5426
7234 5439
7235 5439
7236 5426
7237 5408
7238 5432
7239 5432
7240 5379
7241 6335
7242 5409
7243 5409
7244 6335
7245 6335
7246 5409
7247 6335
7248 6335
7249 5413
7250 5413
7251 6335
7252 5413
7253 5410
7254 5413
7255 5413
7256 5410
7257 5417
7258 5415
7259 5418
7260 5410
7261 5416
7262 5415
7263 5392
7264 5392
7265 5419
7266 5395
7267 5395
7268 5419
7269 5433
7270 5433
7271 5399
7272 5399
7273 5399
7274 5434
7275 5434
7276 5434
7277 5434
7278 5433
7279 5399
7280 5399
7281 5385
7282 5385
7283 5384
7284 5384
7285 5399
7286 5399
7287 5396
7288 5397
7289 5393
7290 5392
7291 5390
7292 5393
7293 5422
7294 5400
7295 5403
7296 5423
7297 5385
7298 5385
7299 5384
7300 5384
7301 5420
7302 5394
7303 5394
7304 5747
7305 5398
7306 5398
7307 5397
7308 5397
7309 5379
7310 5380
7311 5381
7312 5382
7313 5387
7314 5387
7315 5384
7316 5386
7317 5399
7318 5399
7319 5396
7320 5396
7321 5401
7322 5398
7323 5440
7324 5402
7325 5385
7326 5385
7327 5384
7328 5384
7329 5417
7330 5391
7331 5387
7332 5391
7333 5398
7334 5398
7335 5397
7336 5397
7337 5401
7338 5401
7339 5402
7340 5402
7341 5534
7342 5573
7343 5484
7344 5485
7345 5549
7346 5549
7347 5718
7348 5718
7349 5573
7350 5573
7351 5485
7352 5485
7353 5521
7354 5521
7355 5718
7356 5718
7357 5573
7358 5573
7359 5484
7360 5484
7361 5568
7362 5521
7363 5745
7364 5745
7365 5570
7366 5570
7367 5483
7368 5482
7369 5440
7370 5568
7371 5492
7372 5494
7373 5564
7374 5572
7375 5478
7376 5725
7377 5705
7378 5404
7379 5527
7380 5670
7381 5565
7382 5563
7383 5553
7384 5474
7385 5383
7386 5430
7387 5740
7388 5690
7389 5550
7390 5562
7391 5582
7392 5582
7393 5573
7394 5573
7395 5532
7396 5484
7397 5521
7398 5521
7399 5718
7400 5718
7401 5545
7402 5545
7403 6071
7404 6084
7405 5712
7406 5712
7407 6171
7408 6183
7409 5545
7410 5545
7411 6069
7412 6062
7413 5712
7414 5712
7415 6183
7416 6183
7417 5545
7418 5545
7419 6071
7420 6071
7421 5710
7422 5712
7423 6194
7424 6203
7425 5542
7426 5542
7427 6074
7428 6073
7429 5449
7430 5574
7431 6216
7432 5454
7433 5637
7434 5604
7435 5655
7436 5635
7437 5443
7438 5557
7439 5502
7440 5535
7441 5671
7442 5631
7443 5462
7444 5459
7445 5641
7446 5466
7447 5729
7448 5599
7449 5686
7450 5672
7451 5458
7452 5456
7453 6234
7454 6236
7455 5593
7456 6067
7457 5714
7458 5692
7459 5546
7460 6167
7461 1716
7462 1678
7463 1677
7464 1707
7465 1678
7466 1678
7467 1677
7468 1678
7469 1675
7470 1673
7471 1675
7472 1675
7473 1737
7474 1734
7475 1674
7476 1398
7477 1672
7478 1672
7479 1384
7480 1386
7481 1669
7482 1668
7483 1231
7484 1234
7485 1718
7486 1669
7487 1234
7488 1387
7489 1718
7490 1718
7491 1387
7492 1387
7493 1719
7494 1718
7495 1390
7496 1390
7497 1719
7498 1719
7499 1390
7500 1390
7501 1719
7502 1719
7503 1390
7504 1390
7505 1714
7506 1719
7507 1392
7508 1392
7509 1709
7510 1714
7511 1709
7512 1710
7513 1681
7514 1710
7515 1710
7516 1682
7517 1680
7518 1679
7519 1639
7520 1642
7521 1711
7522 1681
7523 1739
7524 1713
7525 1656
7526 1740
7527 1641
7528 1640
7529 1653
7530 1653
7531 1652
7532 1654
7533 1654
7534 1651
7535 1694
7536 1613
7537 1613
7538 1694
7539 1695
7540 1614
7541 1614
7542 1614
7543 1915
7544 1915
7545 1691
7546 1579
7547 1691
7548 1691
7549 1692
7550 1692
7551 1692
7552 1692
7553 1557
7554 1557
7555 1557
7556 1557
7557 1556
7558 1556
7559 1556
7560 1556
7561 1946
7562 1951
7563 1946
7564 1946
7565 2874
7566 1946
7567 2874
7568 2874
7569 2874
7570 2874
7571 2874
7572 2874
7573 2874
7574 2874
7575 2874
7576 2874
7577 1951
7578 1950
7579 1950
7580 2874
7581 2874
7582 2874
7583 1951
7584 1951
7585 1712
7586 1698
7587 1697
7588 1715
7589 1705
7590 1706
7591 1706
7592 1705
7593 1705
7594 1706
7595 1658
7596 1703
7597 1736
7598 1736
7599 1643
7600 1643
7601 1623
7602 1623
7603 1624
7604 1625
7605 1606
7606 1624
7607 1606
7608 1606
7609 1605
7610 1605
7611 1688
7612 1721
7613 1721
7614 1688
7615 1689
7616 1689
7617 1690
7618 1690
7619 1690
7620 1690
7621 1974
7622 1978
7623 1975
7624 1975
7625 1972
7626 1975
7627 1936
7628 1936
7629 1936
7630 1936
7631 1959
7632 1959
7633 1949
7634 1931
7635 1931
7636 1949
7637 2874
7638 1950
7639 1923
7640 1923
7641 1649
7642 1652
7643 1708
7644 1749
7645 1748
7646 1751
7647 1751
7648 1749
7649 1748
7650 1751
7651 1751
7652 1748
7653 1638
7654 1645
7655 1648
7656 1636
7657 1714
7658 1715
7659 1715
7660 1714
7661 1719
7662 1720
7663 1720
7664 1719
7665 1719
7666 1720
7667 1704
7668 1720
7669 1704
7670 1717
7671 1717
7672 1704
7673 1704
7674 1717
7675 1717
7676 1704
7677 1746
7678 1670
7679 1717
7680 1704
7681 1632
7682 1631
7683 1667
7684 1745
7685 1634
7686 1633
7687 1684
7688 1735
7689 1643
7690 1900
7691 1658
7692 1643
7693 1900
7694 1900
7695 1736
7696 1644
7697 1732
7698 1900
7699 1644
7700 1627
7701 1661
7702 1662
7703 1627
7704 1630
7705 1566
7706 1725
7707 1725
7708 1723
7709 1565
7710 1647
7711 1646
7712 1565
7713 1665
7714 1664
7715 1664
7716 1665
7717 1650
7718 1650
7719 1664
7720 1664
7721 1650
7722 1650
7723 1650
7724 1650
7725 1663
7726 1663
7727 1663
7728 1695
7729 1574
7730 1574
7731 1744
7732 1744
7733 1573
7734 1695
7735 1743
7736 1573
7737 1916
7738 1574
7739 1744
7740 1564
7741 1607
7742 1608
7743 1567
7744 1724
7745 1629
7746 1610
7747 1724
7748 1629
7749 1917
7750 1611
7751 1628
7752 1628
7753 1625
7754 1625
7755 1626
7756 1626
7757 1625
7758 1625
7759 1623
7760 1623
7761 2873
7762 1625
7763 1625
7764 1606
7765 1612
7766 1611
7767 1917
7768 2873
7769 1728
7770 1610
7771 1611
7772 1609
7773 1606
7774 1606
7775 1625
7776 1606
7777 1596
7778 1608
7779 1607
7780 1593
7781 1575
7782 1574
7783 1916
7784 1575
7785 1572
7786 1915
7787 1742
7788 1742
7789 1572
7790 1572
7791 1915
7792 1573
7793 1573
7794 1574
7795 1572
7796 1572
7797 1691
7798 1579
7799 1579
7800 1579
7801 1579
7802 1579
7803 1572
7804 1572
7805 1579
7806 1579
7807 1572
7808 1580
7809 1594
7810 1580
7811 1580
7812 1594
7813 1561
7814 1729
7815 1729
7816 1561
7817 1563
7818 1560
7819 1562
7820 1562
7821 1721
7822 1721
7823 1722
7824 1722
7825 1721
7826 1721
7827 1722
7828 1605
7829 1692
7830 1692
7831 1692
7832 1692
7833 1579
7834 1578
7835 1692
7836 1579
7837 1578
7838 1578
7839 1578
7840 1578
7841 1555
7842 1587
7843 1578
7844 1581
7845 1726
7846 1727
7847 1554
7848 1552
7849 1563
7850 1583
7851 1583
7852 1560
7853 1721
7854 1689
7855 1584
7856 1563
7857 1689
7858 1689
7859 1721
7860 1721
7861 1557
7862 1557
7863 1557
7864 1557
7865 1557
7866 1557
7867 1557
7868 1557
7869 1557
7870 1557
7871 1557
7872 1557
7873 1558
7874 1559
7875 1556
7876 1558
7877 1953
7878 1953
7879 1588
7880 1554
7881 1582
7882 1582
7883 1750
7884 1750
7885 1585
7886 1690
7887 1690
7888 1690
7889 1585
7890 1585
7891 1585
7892 1585
7893 1556
7894 1556
7895 1556
7896 1556
7897 1556
7898 1556
7899 1556
7900 1556
7901 1556
7902 1951
7903 1556
7904 1556
7905 1951
7906 1951
7907 1951
7908 1556
7909 1954
7910 1931
7911 1957
7912 1957
7913 1973
7914 1964
7915 1932
7916 1964
7917 1974
7918 1974
7919 1973
7920 1973
7921 1975
7922 1974
7923 1974
7924 1974
7925 1972
7926 1972
7927 1972
7928 1972
7929 1958
7930 1958
7931 1958
7932 1958
7933 1928
7934 1934
7935 1934
7936 1925
7937 1951
7938 1951
7939 1951
7940 1951
7941 2874
7942 1951
7943 1951
7944 1951
7945 1666
7946 1666
7947 1655
7948 1655
7949 1621
7950 1619
7951 1619
7952 1620
7953 1706
7954 1622
7955 1910
7956 1660
7957 1659
7958 1706
7959 1660
7960 1658
7961 1658
7962 1657
7963 1657
7964 1657
7965 1655
7966 1654
7967 1613
7968 1616
7969 1615
7970 1616
7971 1613
7972 1614
7973 1618
7974 1618
7975 1617
7976 1617
7977 1700
7978 1738
7979 1752
7980 1701
7981 1699
7982 1700
7983 1702
7984 1699
7985 1657
7986 1643
7987 1643
7988 1657
7989 1624
7990 1623
7991 1623
7992 1624
7993 1911
7994 1624
7995 1623
7996 1702
7997 1912
7998 1912
7999 1701
8000 1752
8001 1577
8002 1576
8003 1752
8004 1617
8005 1915
8006 1914
8007 1615
8008 1615
8009 1597
8010 1597
8011 1742
8012 1597
8013 1571
8014 1571
8015 1568
8016 1568
8017 1730
8018 1730
8019 1913
8020 1913
8021 1606
8022 1624
8023 1624
8024 1606
8025 1603
8026 1730
8027 1603
8028 1603
8029 1688
8030 1605
8031 1605
8032 1688
8033 1685
8034 1688
8035 1605
8036 1604
8037 1601
8038 1600
8039 1600
8040 1601
8041 1569
8042 1570
8043 1570
8044 1569
8045 1598
8046 1598
8047 1598
8048 1691
8049 1551
8050 1550
8051 1692
8052 1692
8053 1549
8054 1549
8055 1546
8056 1547
8057 1590
8058 1599
8059 1602
8060 1591
8061 1687
8062 1688
8063 1685
8064 1686
8065 1689
8066 1688
8067 1688
8068 1687
8069 1551
8070 1551
8071 1557
8072 1551
8073 1548
8074 1547
8075 1693
8076 1948
8077 1590
8078 1591
8079 1592
8080 1589
8081 1687
8082 1686
8083 1976
8084 1976
8085 1690
8086 1690
8087 1690
8088 1690
8089 1693
8090 1693
8091 1693
8092 1693
8093 1741
8094 1948
8095 1946
8096 1971
8097 1589
8098 1592
8099 1965
8100 1968
8101 1978
8102 1977
8103 1977
8104 1978
8105 1975
8106 1978
8107 1978
8108 1942
8109 1946
8110 1946
8111 1946
8112 1946
8113 1971
8114 1946
8115 2874
8116 1921
8117 1967
8118 1965
8119 1960
8120 1967
8121 1942
8122 1942
8123 1939
8124 1941
8125 1937
8126 1975
8127 1942
8128 1937
8129 1936
8130 1937
8131 1936
8132 1935
8133 1959
8134 1936
8135 1935
8136 2286
8137 1926
8138 1925
8139 1934
8140 2242
8141 1923
8142 1923
8143 1924
8144 1924
8145 1923
8146 1923
8147 1923
8148 1923
8149 1923
8150 1923
8151 1923
8152 1923
8153 2874
8154 2874
8155 1923
8156 1923
8157 2874
8158 2874
8159 1923
8160 1923
8161 1918
8162 2874
8163 1923
8164 1923
8165 2105
8166 1935
8167 2088
8168 2016
8169 1924
8170 1924
8171 2022
8172 2023
8173 1941
8174 1941
8175 1979
8176 1979
8177 2109
8178 2102
8179 2098
8180 2019
8181 1924
8182 1924
8183 2023
8184 2112
8185 1938
8186 1941
8187 2108
8188 2059
8189 1924
8190 1924
8191 2018
8192 2023
8193 1923
8194 1923
8195 2112
8196 1924
8197 1938
8198 1938
8199 2059
8200 2059
8201 1920
8202 1919
8203 1922
8204 1969
8205 1924
8206 1924
8207 2022
8208 2022
8209 1923
8210 1923
8211 1922
8212 1922
8213 1940
8214 1962
8215 2244
8216 1943
8217 2252
8218 2024
8219 2704
8220 2710
8221 2107
8222 2208
8223 2200
8224 2195
8225 2024
8226 2024
8227 2710
8228 2710
8229 2031
8230 2060
8231 2256
8232 2143
8233 2022
8234 2024
8235 2704
8236 2253
8237 2284
8238 2284
8239 2081
8240 2081
8241 2023
8242 2023
8243 2252
8244 2024
8245 2284
8246 2284
8247 2081
8248 2081
8249 2241
8250 2230
8251 2183
8252 2184
8253 2013
8254 2120
8255 2077
8256 2180
8257 2230
8258 2073
8259 2069
8260 2226
8261 2021
8262 2265
8263 2094
8264 2095
8265 2024
8266 2022
8267 2248
8268 2249
8269 2601
8270 2623
8271 2643
8272 2681
8273 1997
8274 2150
8275 2274
8276 2270
8277 2056
8278 2608
8279 2488
8280 2371
8281 1996
8282 2698
8283 2258
8284 2258
8285 2045
8286 2074
8287 2380
8288 2161
8289 2740
8290 2755
8291 2165
8292 2763
8293 2719
8294 2738
8295 2765
8296 2766
8297 2175
8298 2004
8299 2269
8300 2494
8301 2729
8302 2729
8303 2746
8304 2746
8305 2612
8306 2193
8307 2586
8308 2633
8309 2720
8310 2719
8311 2746
8312 2746
8313 2623
8314 2610
8315 2640
8316 2643
8317 2706
8318 2708
8319 2766
8320 2760
